r_edge  w0 
0 0
19531.25 0
39062.5 0
58593.75 0
78125 0
97656.25 0
117187.5 0
136718.75 0
156250 0
175781.25 0
195312.5 0
214843.75 0
234375 0
253906.25 0
273437.5 0
292968.75 0
312500 0
332031.25 0
351562.5 0
371093.75 0
390625 0
410156.25 0
429687.5 0
449218.75 0
468750 0
488281.25 0
507812.5 0
527343.75 0
546875 0
566406.25 0
585937.5 0
605468.75 0
625000 0
644531.25 0
664062.5 0
683593.75 0
703125 0
722656.25 0
742187.5 0
761718.75 0
781250 0
800781.25 0
820312.5 0
839843.75 0
859375 0
878906.25 0
898437.5 0
917968.75 0
937500 0
957031.25 0
976562.5 0
996093.75 0
1015625 0
1035156.25 0
1054687.5 0
1074218.75 0
1093750 0
1113281.25 0
1132812.5 0
1152343.75 0
1171875 0
1191406.25 0
1210937.5 0
1230468.75 0
1250000 0
1269531.25 0
1289062.5 0
1308593.75 0
1328125 0
1347656.25 0
1367187.5 0
1386718.75 0
1406250 0
1425781.25 0
1445312.5 0
1464843.75 0
1484375 0
1503906.25 0
1523437.5 0
1542968.75 0
1562500 0
1582031.25 0
1601562.5 0
1621093.75 0
1640625 0
1660156.25 0
1679687.5 0
1699218.75 0
1718750 0
1738281.25 0
1757812.5 0
1777343.75 0
1796875 0
1816406.25 0
1835937.5 0
1855468.75 0
1875000 0
1894531.25 0
1914062.5 0
1933593.75 0
1953125 0
1972656.25 0
1992187.5 0
2011718.75 0
2031250 0
2050781.25 0
2070312.5 0
2089843.75 0
2109375 0
2128906.25 0
2148437.5 0
2167968.75 0
2187500 0
2207031.25 0
2226562.5 0
2246093.75 0
2265625 0
2285156.25 0
2304687.5 0
2324218.75 0
2343750 0
2363281.25 0
2382812.5 0
2402343.75 0
2421875 0
2441406.25 0
2460937.5 0
2480468.75 0
2500000 0
2519531.25 0
2539062.5 0
2558593.75 0
2578125 0
2597656.25 0
2617187.5 0
2636718.75 0
2656250 0
2675781.25 0
2695312.5 0
2714843.75 0
2734375 0
2753906.25 0
2773437.5 0
2792968.75 0
2812500 0
2832031.25 0
2851562.5 0
2871093.75 0
2890625 0
2910156.25 0
2929687.5 0
2949218.75 0
2968750 0
2988281.25 0
3007812.5 0
3027343.75 0
3046875 0
3066406.25 0
3085937.5 0
3105468.75 0
3125000 0
3144531.25 0
3164062.5 0
3183593.75 0
3203125 0
3222656.25 0
3242187.5 0
3261718.75 0
3281250 0
3300781.25 0
3320312.5 0
3339843.75 0
3359375 0
3378906.25 0
3398437.5 0
3417968.75 0
3437500 0
3457031.25 0
3476562.5 0
3496093.75 0
3515625 0
3535156.25 0
3554687.5 0
3574218.75 0
3593750 0
3613281.25 0
3632812.5 0
3652343.75 0
3671875 0
3691406.25 0
3710937.5 0
3730468.75 0
3750000 0
3769531.25 0
3789062.5 0
3808593.75 0
3828125 0
3847656.25 0
3867187.5 0
3886718.75 0
3906250 0
3925781.25 0
3945312.5 0
3964843.75 0
3984375 0
4003906.25 0
4023437.5 0
4042968.75 0
4062500 0
4082031.25 0
4101562.5 0
4121093.75 0
4140625 0
4160156.25 0
4179687.5 0
4199218.75 0
4218750 0
4238281.25 0
4257812.5 0
4277343.75 0
4296875 0
4316406.25 0
4335937.5 0
4355468.75 0
4375000 0
4394531.25 0
4414062.5 0
4433593.75 0
4453125 0
4472656.25 0
4492187.5 0
4511718.75 0
4531250 0
4550781.25 0
4570312.5 0
4589843.75 0
4609375 0
4628906.25 0
4648437.5 0
4667968.75 0
4687500 0
4707031.25 0
4726562.5 0
4746093.75 0
4765625 0
4785156.25 0
4804687.5 0
4824218.75 0
4843750 0
4863281.25 0
4882812.5 0
4902343.75 0
4921875 0
4941406.25 0
4960937.5 0
4980468.75 0
5000000 0
5019531.25 0
5039062.5 0
5058593.75 0
5078125 0
5097656.25 0
5117187.5 0
5136718.75 0
5156250 0
5175781.25 0
5195312.5 0
5214843.75 0
5234375 0
5253906.25 0
5273437.5 0
5292968.75 0
5312500 0
5332031.25 0
5351562.5 0
5371093.75 0
5390625 0
5410156.25 0
5429687.5 0
5449218.75 0
5468750 0
5488281.25 0
5507812.5 0
5527343.75 0
5546875 0
5566406.25 0
5585937.5 0
5605468.75 0
5625000 0
5644531.25 0
5664062.5 0
5683593.75 0
5703125 0
5722656.25 0
5742187.5 0
5761718.75 0
5781250 0
5800781.25 0
5820312.5 0
5839843.75 0
5859375 0
5878906.25 0
5898437.5 0
5917968.75 0
5937500 0
5957031.25 0
5976562.5 0
5996093.75 0
6015625 0
6035156.25 0
6054687.5 0
6074218.75 0
6093750 0
6113281.25 0
6132812.5 0
6152343.75 0
6171875 0
6191406.25 0
6210937.5 0
6230468.75 0
6250000 0
6269531.25 0
6289062.5 0
6308593.75 0
6328125 0
6347656.25 0
6367187.5 0
6386718.75 0
6406250 0
6425781.25 0
6445312.5 0
6464843.75 0
6484375 0
6503906.25 0
6523437.5 0
6542968.75 0
6562500 0
6582031.25 0
6601562.5 0
6621093.75 0
6640625 0
6660156.25 0
6679687.5 0
6699218.75 0
6718750 0
6738281.25 0
6757812.5 0
6777343.75 0
6796875 0
6816406.25 0
6835937.5 0
6855468.75 0
6875000 0
6894531.25 0
6914062.5 0
6933593.75 0
6953125 0
6972656.25 0
6992187.5 0
7011718.75 0
7031250 0
7050781.25 0
7070312.5 0
7089843.75 0
7109375 0
7128906.25 0
7148437.5 0
7167968.75 0
7187500 0
7207031.25 0
7226562.5 0
7246093.75 0
7265625 0
7285156.25 0
7304687.5 0
7324218.75 0
7343750 0
7363281.25 0
7382812.5 0
7402343.75 0
7421875 0
7441406.25 0
7460937.5 0
7480468.75 0
7500000 0
7519531.25 0
7539062.5 0
7558593.75 0
7578125 0
7597656.25 0
7617187.5 0
7636718.75 0
7656250 0
7675781.25 0
7695312.5 0
7714843.75 0
7734375 0
7753906.25 0
7773437.5 0
7792968.75 0
7812500 0
7832031.25 0
7851562.5 0
7871093.75 0
7890625 0
7910156.25 0
7929687.5 0
7949218.75 0
7968750 0
7988281.25 0
8007812.5 0
8027343.75 0
8046875 0
8066406.25 0
8085937.5 0
8105468.75 0
8125000 0
8144531.25 0
8164062.5 0
8183593.75 0
8203125 0
8222656.25 0
8242187.5 0
8261718.75 0
8281250 0
8300781.25 0
8320312.5 0
8339843.75 0
8359375 0
8378906.25 0
8398437.5 0
8417968.75 0
8437500 0
8457031.25 0
8476562.5 0
8496093.75 0
8515625 0
8535156.25 0
8554687.5 0
8574218.75 0
8593750 0
8613281.25 0
8632812.5 0
8652343.75 0
8671875 0
8691406.25 0
8710937.5 0
8730468.75 0
8750000 0
8769531.25 0
8789062.5 0
8808593.75 0
8828125 0
8847656.25 0
8867187.5 0
8886718.75 0
8906250 0
8925781.25 0
8945312.5 0
8964843.75 0
8984375 0
9003906.25 0
9023437.5 0
9042968.75 0
9062500 0
9082031.25 0
9101562.5 0
9121093.75 0
9140625 0
9160156.25 0
9179687.5 0
9199218.75 0
9218750 0
9238281.25 0
9257812.5 0
9277343.75 0
9296875 0
9316406.25 0
9335937.5 0
9355468.75 0
9375000 0
9394531.25 0
9414062.5 0
9433593.75 0
9453125 0
9472656.25 0
9492187.5 0
9511718.75 0
9531250 0
9550781.25 0
9570312.5 0
9589843.75 0
9609375 0
9628906.25 0
9648437.5 0
9667968.75 0
9687500 0
9707031.25 0
9726562.5 0
9746093.75 0
9765625 0
9785156.25 0
9804687.5 0
9824218.75 0
9843750 0
9863281.25 0
9882812.5 0
9902343.75 0
9921875 0
9941406.25 0
9960937.5 0
9980468.75 0
10000000 0
10019531.25 0
10039062.5 0
10058593.75 0
10078125 0
10097656.25 0
10117187.5 0
10136718.75 0
10156250 0
10175781.25 0
10195312.5 0
10214843.75 0
10234375 0
10253906.25 0
10273437.5 0
10292968.75 0
10312500 0
10332031.25 0
10351562.5 0
10371093.75 0
10390625 0
10410156.25 0
10429687.5 0
10449218.75 0
10468750 0
10488281.25 0
10507812.5 0
10527343.75 0
10546875 0
10566406.25 0
10585937.5 0
10605468.75 0
10625000 0
10644531.25 0
10664062.5 0
10683593.75 0
10703125 0
10722656.25 0
10742187.5 0
10761718.75 0
10781250 0
10800781.25 0
10820312.5 0
10839843.75 0
10859375 0
10878906.25 0
10898437.5 0
10917968.75 0
10937500 0
10957031.25 0
10976562.5 0
10996093.75 0
11015625 0
11035156.25 0
11054687.5 0
11074218.75 0
11093750 0
11113281.25 0
11132812.5 0
11152343.75 0
11171875 0
11191406.25 0
11210937.5 0
11230468.75 0
11250000 0
11269531.25 0
11289062.5 0
11308593.75 0
11328125 0
11347656.25 0
11367187.5 0
11386718.75 0
11406250 0
11425781.25 0
11445312.5 0
11464843.75 0
11484375 0
11503906.25 0
11523437.5 0
11542968.75 0
11562500 0
11582031.25 0
11601562.5 0
11621093.75 0
11640625 0
11660156.25 0
11679687.5 0
11699218.75 0
11718750 0
11738281.25 0
11757812.5 0
11777343.75 0
11796875 0
11816406.25 0
11835937.5 0
11855468.75 0
11875000 0
11894531.25 0
11914062.5 0
11933593.75 0
11953125 0
11972656.25 0
11992187.5 0
12011718.75 0
12031250 0
12050781.25 0
12070312.5 0
12089843.75 0
12109375 0
12128906.25 0
12148437.5 0
12167968.75 0
12187500 0
12207031.25 0
12226562.5 0
12246093.75 0
12265625 0
12285156.25 0
12304687.5 0
12324218.75 0
12343750 0
12363281.25 0
12382812.5 0
12402343.75 0
12421875 0
12441406.25 0
12460937.5 0
12480468.75 0
12500000 0
12519531.25 0
12539062.5 0
12558593.75 0
12578125 0
12597656.25 0
12617187.5 0
12636718.75 0
12656250 0
12675781.25 0
12695312.5 0
12714843.75 0
12734375 0
12753906.25 0
12773437.5 0
12792968.75 0
12812500 0
12832031.25 0
12851562.5 0
12871093.75 0
12890625 0
12910156.25 0
12929687.5 0
12949218.75 0
12968750 0
12988281.25 0
13007812.5 0
13027343.75 0
13046875 0
13066406.25 0
13085937.5 0
13105468.75 0
13125000 0
13144531.25 0
13164062.5 0
13183593.75 0
13203125 0
13222656.25 0
13242187.5 0
13261718.75 0
13281250 0
13300781.25 0
13320312.5 0
13339843.75 0
13359375 0
13378906.25 0
13398437.5 0
13417968.75 0
13437500 0
13457031.25 0
13476562.5 0
13496093.75 0
13515625 0
13535156.25 0
13554687.5 0
13574218.75 0
13593750 0
13613281.25 0
13632812.5 0
13652343.75 0
13671875 0
13691406.25 0
13710937.5 0
13730468.75 0
13750000 0
13769531.25 0
13789062.5 0
13808593.75 0
13828125 0
13847656.25 0
13867187.5 0
13886718.75 0
13906250 0
13925781.25 0
13945312.5 0
13964843.75 0
13984375 0
14003906.25 0
14023437.5 0
14042968.75 0
14062500 0
14082031.25 0
14101562.5 0
14121093.75 0
14140625 0
14160156.25 0
14179687.5 0
14199218.75 0
14218750 0
14238281.25 0
14257812.5 0
14277343.75 0
14296875 0
14316406.25 0
14335937.5 0
14355468.75 0
14375000 0
14394531.25 0
14414062.5 0
14433593.75 0
14453125 0
14472656.25 0
14492187.5 0
14511718.75 0
14531250 0
14550781.25 0
14570312.5 0
14589843.75 0
14609375 0
14628906.25 0
14648437.5 0
14667968.75 0
14687500 0
14707031.25 0
14726562.5 0
14746093.75 0
14765625 0
14785156.25 0
14804687.5 0
14824218.75 0
14843750 0
14863281.25 0
14882812.5 0
14902343.75 0
14921875 0
14941406.25 0
14960937.5 0
14980468.75 0
15000000 0
15019531.25 0
15039062.5 0
15058593.75 0
15078125 0
15097656.25 0
15117187.5 0
15136718.75 0
15156250 0
15175781.25 0
15195312.5 0
15214843.75 0
15234375 0
15253906.25 0
15273437.5 0
15292968.75 0
15312500 0
15332031.25 0
15351562.5 0
15371093.75 0
15390625 0
15410156.25 0
15429687.5 0
15449218.75 0
15468750 0
15488281.25 0
15507812.5 0
15527343.75 0
15546875 0
15566406.25 0
15585937.5 0
15605468.75 0
15625000 0
15644531.25 0
15664062.5 0
15683593.75 0
15703125 0
15722656.25 0
15742187.5 0
15761718.75 0
15781250 0
15800781.25 0
15820312.5 0
15839843.75 0
15859375 0
15878906.25 0
15898437.5 0
15917968.75 0
15937500 0
15957031.25 0
15976562.5 0
15996093.75 0
16015625 0
16035156.25 0
16054687.5 0
16074218.75 0
16093750 0
16113281.25 0
16132812.5 0
16152343.75 0
16171875 0
16191406.25 0
16210937.5 0
16230468.75 0
16250000 0
16269531.25 0
16289062.5 0
16308593.75 0
16328125 0
16347656.25 0
16367187.5 0
16386718.75 0
16406250 0
16425781.25 0
16445312.5 0
16464843.75 0
16484375 0
16503906.25 0
16523437.5 0
16542968.75 0
16562500 0
16582031.25 0
16601562.5 0
16621093.75 0
16640625 0
16660156.25 0
16679687.5 0
16699218.75 0
16718750 0
16738281.25 0
16757812.5 0
16777343.75 0
16796875 0
16816406.25 0
16835937.5 0
16855468.75 0
16875000 0
16894531.25 0
16914062.5 0
16933593.75 0
16953125 0
16972656.25 0
16992187.5 0
17011718.75 0
17031250 0
17050781.25 0
17070312.5 0
17089843.75 0
17109375 0
17128906.25 0
17148437.5 0
17167968.75 0
17187500 0
17207031.25 0
17226562.5 0
17246093.75 0
17265625 0
17285156.25 0
17304687.5 0
17324218.75 0
17343750 0
17363281.25 0
17382812.5 0
17402343.75 0
17421875 0
17441406.25 0
17460937.5 0
17480468.75 0
17500000 0
17519531.25 0
17539062.5 0
17558593.75 0
17578125 0
17597656.25 0
17617187.5 0
17636718.75 0
17656250 0
17675781.25 0
17695312.5 0
17714843.75 0
17734375 0
17753906.25 0
17773437.5 0
17792968.75 0
17812500 0
17832031.25 0
17851562.5 0
17871093.75 0
17890625 0
17910156.25 0
17929687.5 0
17949218.75 0
17968750 0
17988281.25 0
18007812.5 0
18027343.75 0
18046875 0
18066406.25 0
18085937.5 0
18105468.75 0
18125000 0
18144531.25 0
18164062.5 0
18183593.75 0
18203125 0
18222656.25 0
18242187.5 0
18261718.75 0
18281250 0
18300781.25 0
18320312.5 0
18339843.75 0
18359375 0
18378906.25 0
18398437.5 0
18417968.75 0
18437500 0
18457031.25 0
18476562.5 0
18496093.75 0
18515625 0
18535156.25 0
18554687.5 0
18574218.75 0
18593750 0
18613281.25 0
18632812.5 0
18652343.75 0
18671875 0
18691406.25 0
18710937.5 0
18730468.75 0
18750000 0
18769531.25 0
18789062.5 0
18808593.75 0
18828125 0
18847656.25 0
18867187.5 0
18886718.75 0
18906250 0
18925781.25 0
18945312.5 0
18964843.75 0
18984375 0
19003906.25 0
19023437.5 0
19042968.75 0
19062500 0
19082031.25 0
19101562.5 0
19121093.75 0
19140625 0
19160156.25 0
19179687.5 0
19199218.75 0
19218750 0
19238281.25 0
19257812.5 0
19277343.75 0
19296875 0
19316406.25 0
19335937.5 0
19355468.75 0
19375000 0
19394531.25 0
19414062.5 0
19433593.75 0
19453125 0
19472656.25 0
19492187.5 0
19511718.75 0
19531250 0
19550781.25 0
19570312.5 0
19589843.75 0
19609375 0
19628906.25 0
19648437.5 0
19667968.75 0
19687500 0
19707031.25 0
19726562.5 0
19746093.75 0
19765625 0
19785156.25 0
19804687.5 0
19824218.75 0
19843750 0
19863281.25 0
19882812.5 0
19902343.75 0
19921875 0
19941406.25 0
19960937.5 0
19980468.75 0
20000000 0
20019531.25 0
20039062.5 0
20058593.75 0
20078125 0
20097656.25 0
20117187.5 0
20136718.75 0
20156250 0
20175781.25 0
20195312.5 0
20214843.75 0
20234375 0
20253906.25 0
20273437.5 0
20292968.75 0
20312500 0
20332031.25 0
20351562.5 0
20371093.75 0
20390625 0
20410156.25 0
20429687.5 0
20449218.75 0
20468750 0
20488281.25 0
20507812.5 0
20527343.75 0
20546875 0
20566406.25 0
20585937.5 0
20605468.75 0
20625000 0
20644531.25 0
20664062.5 0
20683593.75 0
20703125 0
20722656.25 0
20742187.5 0
20761718.75 0
20781250 0
20800781.25 0
20820312.5 0
20839843.75 0
20859375 0
20878906.25 0
20898437.5 0
20917968.75 0
20937500 0
20957031.25 0
20976562.5 0
20996093.75 0
21015625 0
21035156.25 0
21054687.5 0
21074218.75 0
21093750 0
21113281.25 0
21132812.5 0
21152343.75 0
21171875 0
21191406.25 0
21210937.5 0
21230468.75 0
21250000 0
21269531.25 0
21289062.5 0
21308593.75 0
21328125 0
21347656.25 0
21367187.5 0
21386718.75 0
21406250 0
21425781.25 0
21445312.5 0
21464843.75 0
21484375 0
21503906.25 0
21523437.5 0
21542968.75 0
21562500 0
21582031.25 0
21601562.5 0
21621093.75 0
21640625 0
21660156.25 0
21679687.5 0
21699218.75 0
21718750 0
21738281.25 0
21757812.5 0
21777343.75 0
21796875 0
21816406.25 0
21835937.5 0
21855468.75 0
21875000 0
21894531.25 0
21914062.5 0
21933593.75 0
21953125 0
21972656.25 0
21992187.5 0
22011718.75 0
22031250 0
22050781.25 0
22070312.5 0
22089843.75 0
22109375 0
22128906.25 0
22148437.5 0
22167968.75 0
22187500 0
22207031.25 0
22226562.5 0
22246093.75 0
22265625 0
22285156.25 0
22304687.5 0
22324218.75 0
22343750 0
22363281.25 0
22382812.5 0
22402343.75 0
22421875 0
22441406.25 0
22460937.5 0
22480468.75 0
22500000 0
22519531.25 0
22539062.5 0
22558593.75 0
22578125 0
22597656.25 0
22617187.5 0
22636718.75 0
22656250 0
22675781.25 0
22695312.5 0
22714843.75 0
22734375 0
22753906.25 0
22773437.5 0
22792968.75 0
22812500 0
22832031.25 0
22851562.5 0
22871093.75 0
22890625 0
22910156.25 0
22929687.5 0
22949218.75 0
22968750 0
22988281.25 0
23007812.5 0
23027343.75 0
23046875 0
23066406.25 0
23085937.5 0
23105468.75 0
23125000 0
23144531.25 0
23164062.5 0
23183593.75 0
23203125 0
23222656.25 0
23242187.5 0
23261718.75 0
23281250 0
23300781.25 0
23320312.5 0
23339843.75 0
23359375 0
23378906.25 0
23398437.5 0
23417968.75 0
23437500 0
23457031.25 0
23476562.5 0
23496093.75 0
23515625 0
23535156.25 0
23554687.5 0
23574218.75 0
23593750 0
23613281.25 0
23632812.5 0
23652343.75 0
23671875 0
23691406.25 0
23710937.5 0
23730468.75 0
23750000 0
23769531.25 0
23789062.5 0
23808593.75 0
23828125 0
23847656.25 0
23867187.5 0
23886718.75 0
23906250 0
23925781.25 0
23945312.5 0
23964843.75 0
23984375 0
24003906.25 0
24023437.5 0
24042968.75 0
24062500 0
24082031.25 0
24101562.5 0
24121093.75 0
24140625 0
24160156.25 0
24179687.5 0
24199218.75 0
24218750 0
24238281.25 0
24257812.5 0
24277343.75 0
24296875 0
24316406.25 0
24335937.5 0
24355468.75 0
24375000 0
24394531.25 0
24414062.5 0
24433593.75 0
24453125 0
24472656.25 0
24492187.5 0
24511718.75 0
24531250 0
24550781.25 0
24570312.5 0
24589843.75 0
24609375 0
24628906.25 0
24648437.5 0
24667968.75 0
24687500 0
24707031.25 0
24726562.5 0
24746093.75 0
24765625 0
24785156.25 0
24804687.5 0
24824218.75 0
24843750 0
24863281.25 0
24882812.5 0
24902343.75 0
24921875 0
24941406.25 0
24960937.5 0
24980468.75 0
25000000 0
25019531.25 0
25039062.5 0
25058593.75 0
25078125 0
25097656.25 0
25117187.5 0
25136718.75 0
25156250 0
25175781.25 0
25195312.5 0
25214843.75 0
25234375 0
25253906.25 0
25273437.5 0
25292968.75 0
25312500 0
25332031.25 0
25351562.5 0
25371093.75 0
25390625 0
25410156.25 0
25429687.5 0
25449218.75 0
25468750 0
25488281.25 0
25507812.5 0
25527343.75 0
25546875 0
25566406.25 0
25585937.5 0
25605468.75 0
25625000 0
25644531.25 0
25664062.5 0
25683593.75 0
25703125 0
25722656.25 0
25742187.5 0
25761718.75 0
25781250 0
25800781.25 0
25820312.5 0
25839843.75 0
25859375 0
25878906.25 0
25898437.5 0
25917968.75 0
25937500 0
25957031.25 0
25976562.5 0
25996093.75 0
26015625 0
26035156.25 0
26054687.5 0
26074218.75 0
26093750 0
26113281.25 0
26132812.5 0
26152343.75 0
26171875 0
26191406.25 0
26210937.5 0
26230468.75 0
26250000 0
26269531.25 0
26289062.5 0
26308593.75 0
26328125 0
26347656.25 0
26367187.5 0
26386718.75 0
26406250 0
26425781.25 0
26445312.5 0
26464843.75 0
26484375 0
26503906.25 0
26523437.5 0
26542968.75 0
26562500 0
26582031.25 0
26601562.5 0
26621093.75 0
26640625 0
26660156.25 0
26679687.5 0
26699218.75 0
26718750 0
26738281.25 0
26757812.5 0
26777343.75 0
26796875 0
26816406.25 0
26835937.5 0
26855468.75 0
26875000 0
26894531.25 0
26914062.5 0
26933593.75 0
26953125 0
26972656.25 0
26992187.5 0
27011718.75 0
27031250 0
27050781.25 0
27070312.5 0
27089843.75 0
27109375 0
27128906.25 0
27148437.5 0
27167968.75 0
27187500 0
27207031.25 0
27226562.5 0
27246093.75 0
27265625 0
27285156.25 0
27304687.5 0
27324218.75 0
27343750 0
27363281.25 0
27382812.5 0
27402343.75 0
27421875 0
27441406.25 0
27460937.5 0
27480468.75 0
27500000 0
27519531.25 0
27539062.5 0
27558593.75 0
27578125 0
27597656.25 0
27617187.5 0
27636718.75 0
27656250 0
27675781.25 0
27695312.5 0
27714843.75 0
27734375 0
27753906.25 0
27773437.5 0
27792968.75 0
27812500 0
27832031.25 0
27851562.5 0
27871093.75 0
27890625 0
27910156.25 0
27929687.5 0
27949218.75 0
27968750 0
27988281.25 0
28007812.5 0
28027343.75 0
28046875 0
28066406.25 0
28085937.5 0
28105468.75 0
28125000 0
28144531.25 0
28164062.5 0
28183593.75 0
28203125 0
28222656.25 0
28242187.5 0
28261718.75 0
28281250 0
28300781.25 0
28320312.5 0
28339843.75 0
28359375 0
28378906.25 0
28398437.5 0
28417968.75 0
28437500 0
28457031.25 0
28476562.5 0
28496093.75 0
28515625 0
28535156.25 0
28554687.5 0
28574218.75 0
28593750 0
28613281.25 0
28632812.5 0
28652343.75 0
28671875 0
28691406.25 0
28710937.5 0
28730468.75 0
28750000 0
28769531.25 0
28789062.5 0
28808593.75 0
28828125 0
28847656.25 0
28867187.5 0
28886718.75 0
28906250 0
28925781.25 0
28945312.5 0
28964843.75 0
28984375 0
29003906.25 0
29023437.5 0
29042968.75 0
29062500 0
29082031.25 0
29101562.5 0
29121093.75 0
29140625 0
29160156.25 0
29179687.5 0
29199218.75 0
29218750 0
29238281.25 0
29257812.5 0
29277343.75 0
29296875 0
29316406.25 0
29335937.5 0
29355468.75 0
29375000 0
29394531.25 0
29414062.5 0
29433593.75 0
29453125 0
29472656.25 0
29492187.5 0
29511718.75 0
29531250 0
29550781.25 0
29570312.5 0
29589843.75 0
29609375 0
29628906.25 0
29648437.5 0
29667968.75 0
29687500 0
29707031.25 0
29726562.5 0
29746093.75 0
29765625 0
29785156.25 0
29804687.5 0
29824218.75 0
29843750 0
29863281.25 0
29882812.5 0
29902343.75 0
29921875 0
29941406.25 0
29960937.5 0
29980468.75 0
30000000 0
30019531.25 0
30039062.5 0
30058593.75 0
30078125 0
30097656.25 0
30117187.5 0
30136718.75 0
30156250 0
30175781.25 0
30195312.5 0
30214843.75 0
30234375 0
30253906.25 0
30273437.5 0
30292968.75 0
30312500 0
30332031.25 0
30351562.5 0
30371093.75 0
30390625 0
30410156.25 0
30429687.5 0
30449218.75 0
30468750 0
30488281.25 0
30507812.5 0
30527343.75 0
30546875 0
30566406.25 0
30585937.5 0
30605468.75 0
30625000 0
30644531.25 0
30664062.5 0
30683593.75 0
30703125 0
30722656.25 0
30742187.5 0
30761718.75 0
30781250 0
30800781.25 0
30820312.5 0
30839843.75 0
30859375 0
30878906.25 0
30898437.5 0
30917968.75 0
30937500 0
30957031.25 0
30976562.5 0
30996093.75 0
31015625 0
31035156.25 0
31054687.5 0
31074218.75 0
31093750 0
31113281.25 0
31132812.5 0
31152343.75 0
31171875 0
31191406.25 0
31210937.5 0
31230468.75 0
31250000 0
31269531.25 0
31289062.5 0
31308593.75 0
31328125 0
31347656.25 0
31367187.5 0
31386718.75 0
31406250 0
31425781.25 0
31445312.5 0
31464843.75 0
31484375 0
31503906.25 0
31523437.5 0
31542968.75 0
31562500 0
31582031.25 0
31601562.5 0
31621093.75 0
31640625 0
31660156.25 0
31679687.5 0
31699218.75 0
31718750 0
31738281.25 0
31757812.5 0
31777343.75 0
31796875 0
31816406.25 0
31835937.5 0
31855468.75 0
31875000 0
31894531.25 0
31914062.5 0
31933593.75 0
31953125 0
31972656.25 0
31992187.5 0
32011718.75 0
32031250 0
32050781.25 0
32070312.5 0
32089843.75 0
32109375 0
32128906.25 0
32148437.5 0
32167968.75 0
32187500 0
32207031.25 0
32226562.5 0
32246093.75 0
32265625 0
32285156.25 0
32304687.5 0
32324218.75 0
32343750 0
32363281.25 0
32382812.5 0
32402343.75 0
32421875 0
32441406.25 0
32460937.5 0
32480468.75 0
32500000 0
32519531.25 0
32539062.5 0
32558593.75 0
32578125 0
32597656.25 0
32617187.5 0
32636718.75 0
32656250 0
32675781.25 0
32695312.5 0
32714843.75 0
32734375 0
32753906.25 0
32773437.5 0
32792968.75 0
32812500 0
32832031.25 0
32851562.5 0
32871093.75 0
32890625 0
32910156.25 0
32929687.5 0
32949218.75 0
32968750 0
32988281.25 0
33007812.5 0
33027343.75 0
33046875 0
33066406.25 0
33085937.5 0
33105468.75 0
33125000 0
33144531.25 0
33164062.5 0
33183593.75 0
33203125 0
33222656.25 0
33242187.5 0
33261718.75 0
33281250 0
33300781.25 0
33320312.5 0
33339843.75 0
33359375 0
33378906.25 0
33398437.5 0
33417968.75 0
33437500 0
33457031.25 0
33476562.5 0
33496093.75 0
33515625 0
33535156.25 0
33554687.5 0
33574218.75 0
33593750 0
33613281.25 0
33632812.5 0
33652343.75 0
33671875 0
33691406.25 0
33710937.5 0
33730468.75 0
33750000 0
33769531.25 0
33789062.5 0
33808593.75 0
33828125 0
33847656.25 0
33867187.5 0
33886718.75 0
33906250 0
33925781.25 0
33945312.5 0
33964843.75 0
33984375 0
34003906.25 0
34023437.5 0
34042968.75 0
34062500 0
34082031.25 0
34101562.5 0
34121093.75 0
34140625 0
34160156.25 0
34179687.5 0
34199218.75 0
34218750 0
34238281.25 0
34257812.5 0
34277343.75 0
34296875 0
34316406.25 0
34335937.5 0
34355468.75 0
34375000 0
34394531.25 0
34414062.5 0
34433593.75 0
34453125 0
34472656.25 0
34492187.5 0
34511718.75 0
34531250 0
34550781.25 0
34570312.5 0
34589843.75 0
34609375 0
34628906.25 0
34648437.5 0
34667968.75 0
34687500 0
34707031.25 0
34726562.5 0
34746093.75 0
34765625 0
34785156.25 0
34804687.5 0
34824218.75 0
34843750 0
34863281.25 0
34882812.5 0
34902343.75 0
34921875 0
34941406.25 0
34960937.5 0
34980468.75 0
35000000 0
35019531.25 0
35039062.5 0
35058593.75 0
35078125 0
35097656.25 0
35117187.5 0
35136718.75 0
35156250 0
35175781.25 0
35195312.5 0
35214843.75 0
35234375 0
35253906.25 0
35273437.5 0
35292968.75 0
35312500 0
35332031.25 0
35351562.5 0
35371093.75 0
35390625 0
35410156.25 0
35429687.5 0
35449218.75 0
35468750 0
35488281.25 0
35507812.5 0
35527343.75 0
35546875 0
35566406.25 0
35585937.5 0
35605468.75 0
35625000 0
35644531.25 0
35664062.5 0
35683593.75 0
35703125 0
35722656.25 0
35742187.5 0
35761718.75 0
35781250 0
35800781.25 0
35820312.5 0
35839843.75 0
35859375 0
35878906.25 0
35898437.5 0
35917968.75 0
35937500 0
35957031.25 0
35976562.5 0
35996093.75 0
36015625 0
36035156.25 0
36054687.5 0
36074218.75 0
36093750 0
36113281.25 0
36132812.5 0
36152343.75 0
36171875 0
36191406.25 0
36210937.5 0
36230468.75 0
36250000 0
36269531.25 0
36289062.5 0
36308593.75 0
36328125 0
36347656.25 0
36367187.5 0
36386718.75 0
36406250 0
36425781.25 0
36445312.5 0
36464843.75 0
36484375 0
36503906.25 0
36523437.5 0
36542968.75 0
36562500 0
36582031.25 0
36601562.5 0
36621093.75 0
36640625 0
36660156.25 0
36679687.5 0
36699218.75 0
36718750 0
36738281.25 0
36757812.5 0
36777343.75 0
36796875 0
36816406.25 0
36835937.5 0
36855468.75 0
36875000 0
36894531.25 0
36914062.5 0
36933593.75 0
36953125 0
36972656.25 0
36992187.5 0
37011718.75 0
37031250 0
37050781.25 0
37070312.5 0
37089843.75 0
37109375 0
37128906.25 0
37148437.5 0
37167968.75 0
37187500 0
37207031.25 0
37226562.5 0
37246093.75 0
37265625 0
37285156.25 0
37304687.5 0
37324218.75 0
37343750 0
37363281.25 0
37382812.5 0
37402343.75 0
37421875 0
37441406.25 0
37460937.5 0
37480468.75 0
37500000 0
37519531.25 0
37539062.5 0
37558593.75 0
37578125 0
37597656.25 0
37617187.5 0
37636718.75 0
37656250 0
37675781.25 0
37695312.5 0
37714843.75 0
37734375 0
37753906.25 0
37773437.5 0
37792968.75 0
37812500 0
37832031.25 0
37851562.5 0
37871093.75 0
37890625 0
37910156.25 0
37929687.5 0
37949218.75 0
37968750 0
37988281.25 0
38007812.5 0
38027343.75 0
38046875 0
38066406.25 0
38085937.5 0
38105468.75 0
38125000 0
38144531.25 0
38164062.5 0
38183593.75 0
38203125 0
38222656.25 0
38242187.5 0
38261718.75 0
38281250 0
38300781.25 0
38320312.5 0
38339843.75 0
38359375 0
38378906.25 0
38398437.5 0
38417968.75 0
38437500 0
38457031.25 0
38476562.5 0
38496093.75 0
38515625 0
38535156.25 0
38554687.5 0
38574218.75 0
38593750 0
38613281.25 0
38632812.5 0
38652343.75 0
38671875 0
38691406.25 0
38710937.5 0
38730468.75 0
38750000 0
38769531.25 0
38789062.5 0
38808593.75 0
38828125 0
38847656.25 0
38867187.5 0
38886718.75 0
38906250 0
38925781.25 0
38945312.5 0
38964843.75 0
38984375 0
39003906.25 0
39023437.5 0
39042968.75 0
39062500 0
39082031.25 0
39101562.5 0
39121093.75 0
39140625 0
39160156.25 0
39179687.5 0
39199218.75 0
39218750 0
39238281.25 0
39257812.5 0
39277343.75 0
39296875 0
39316406.25 0
39335937.5 0
39355468.75 0
39375000 0
39394531.25 0
39414062.5 0
39433593.75 0
39453125 0
39472656.25 0
39492187.5 0
39511718.75 0
39531250 0
39550781.25 0
39570312.5 0
39589843.75 0
39609375 0
39628906.25 0
39648437.5 0
39667968.75 0
39687500 0
39707031.25 0
39726562.5 0
39746093.75 0
39765625 0
39785156.25 0
39804687.5 0
39824218.75 0
39843750 0
39863281.25 0
39882812.5 0
39902343.75 0
39921875 0
39941406.25 0
39960937.5 0
39980468.75 0
40000000 0
