-2.96920000000000d+00
0.00000000000000d+00
0.00000000000000d+00
0.00000000000000d+00
0.00000000000000d+00
0.00000000000000d+00
0.00000000000000d+00
-2.77346000000000d+00
0.00000000000000d+00
0.00000000000000d+00
0.00000000000000d+00
0.00000000000000d+00
0.00000000000000d+00
0.00000000000000d+00
3.42658000000000d+01
-6.76518000000000d+01
0.00000000000000d+00
-3.65925000000000d+00
7.14224000000000d-01
-1.07508000000000d-03
0.00000000000000d+00
2.86431000000000d+01
-6.52460000000000d+01
0.00000000000000d+00
0.00000000000000d+00
0.00000000000000d+00
0.00000000000000d+00
0.00000000000000d+00
4.86604000000000d+01
-5.48875000000000d+01
-3.97262000000000d+01
-2.10799000000000d-01
4.42879000000000d-01
-7.97753000000000d-02
8.33333000000000d-01
4.72333000000000d+01
0.00000000000000d+00
-5.65351000000000d+01
-8.96208000000000d-01
-1.72024000000000d+00
1.85409000000000d-01
-6.66667000000000d-01
4.79212000000000d+01
0.00000000000000d+00
-5.94896000000000d+01
4.47205000000000d+00
-4.78989000000000d+00
5.57201000000000d-01
-6.66667000000000d-01
8.52628000000000d+01
2.23453000000000d-01
-1.45844000000000d+02
8.72612000000000d+00
-5.54035000000000d-01
-1.37562000000000d-01
-6.88807000000000d+00
9.72435000000000d+01
-2.68514000000000d-01
-1.19324000000000d+02
-3.22497000000000d+01
1.46214000000000d+00
-2.00893000000000d-01
1.32148000000000d+01
3.00397000000000d+01
-1.85791000000000d+01
-2.64162000000000d+01
0.00000000000000d+00
0.00000000000000d+00
-2.00000000000000d+00
-6.66667000000000d-01
-2.62862000000000d+01
-1.95422000000000d+01
5.18642000000000d+00
-3.47936000000000d+01
1.68225000000000d+02
-1.15825000000000d+02
-1.50000000000000d+00
-6.44575000000000d+00
-2.28216000000000d+01
0.00000000000000d+00
1.80416000000000d+01
-1.54137000000000d+00
8.47506000000000d-02
-1.50000000000000d+00
6.03424000000000d+01
-2.22348000000000d+01
-3.19320000000000d+01
-7.70334000000000d+01
-4.36847000000000d+01
-4.28955000000000d+00
-6.66667000000000d-01
-1.34595000000000d+01
-2.41120000000000d+01
0.00000000000000d+00
0.00000000000000d+00
0.00000000000000d+00
0.00000000000000d+00
-1.50000000000000d+00
-1.14335000000000d+01
-2.56606000000000d+01
0.00000000000000d+00
2.15210000000000d+01
-1.90355000000000d+00
9.27240000000000d-02
-1.50000000000000d+00
1
2
3
6
7
8
9
10
13
0
0
2
0
0
0
0
2
2
