      195312.5000000000          57043868.16009793    
      585937.5000000000          57043868.15991290    
      976562.5000000000          57043868.16002382    
      1367187.500000000          57043868.15997109    
      1757812.500000000          57043868.15991026    
      2148437.500000000          57043868.15997490    
      2539062.500000000          57042560.64568987    
      2929687.500000000          57041777.49915022    
      3320312.500000000          57040827.54254749    
      3710937.500000000          57039627.51665656    
      4101562.500000000          57038471.97247333    
      4492187.500000000          57037149.55825751    
      4882812.500000000          57035149.69338977    
      5273437.500000000          57033123.75768927    
      5664062.500000000          57031003.53294531    
      6054687.500000000          57028751.02078018    
      6445312.500000000          57026343.19797067    
      6835937.500000000          57023764.97022845    
      7226562.500000000          57021006.02219696    
      7617187.500000000          57018059.77773526    
      8007812.500000000          57014883.60412394    
      8398437.500000000          57011378.84534591    
      8789062.500000000          57007666.35131361    
      9179687.500000000          57003755.39382975    
      9570312.500000000          56999460.18344921    
      9960937.500000000          56994917.47192551    
      10351562.50000000          56990455.20283648    
      10742187.50000000          56986324.86400016    
      11132812.50000000          56982500.62072995    
      11523437.50000000          56978931.71626054    
      11914062.50000000          56975639.41583181    
      12304687.50000000          56972597.62051563    
      12695312.50000000          56969737.08632611    
      13085937.50000000          56966578.32019284    
      13476562.50000000          56963105.17777674    
      13867187.50000000          56959355.28810222    
      14257812.50000000          56955385.87385322    
      14648437.50000000          56951265.13635392    
      15039062.50000000          56947051.92244637    
      15429687.50000000          56942177.40372611    
      15820312.50000000          56937238.89986885    
      16210937.50000000          56932299.95286205    
      16601562.50000000          56926783.94835977    
      16992187.50000000          56921098.66612465    
      17382812.50000000          56915470.35532780    
      17773437.50000000          56909170.02610431    
      18164062.50000000          56902791.72653441    
      18554687.50000000          56896461.10621320    
      18945312.50000000          56889322.84084947    
      19335937.50000000          56882242.65701501    
      19726562.50000000          56875028.42800527    
      20117187.50000000          56867170.37512325    
      20507812.50000000          56859311.84254321    
      20898437.50000000          56851239.70587378    
      21289062.50000000          56842571.96529018    
      21679687.50000000          56833814.77948454    
      22070312.50000000          56824897.67065861    
      22460937.50000000          56815354.38976055    
      22851562.50000000          56805568.35430492    
      23242187.50000000          56795527.41455182    
      23632812.50000000          56785237.91971600    
      24023437.50000000          56774927.58519639    
      24414062.50000000          56764519.89416822    
      24804687.50000000          56754126.59724919    
      25195312.50000000          56743742.28735018    
      25585937.50000000          56733365.89022180    
      25976562.50000000          56722999.13701078    
      26367187.50000000          56712645.11850180    
      26757812.50000000          56702307.50799046    
      27148437.50000000          56691990.41133758    
      27539062.50000000          56681697.36740132    
      27929687.50000000          56671431.45406846    
      28320312.50000000          56661195.37868464    
      28710937.50000000          56650991.22524816    
      29101562.50000000          56640820.94286893    
      29492187.50000000          56630697.43762012    
      29882812.50000000          56620611.96472807    
      30273437.50000000          56610563.97941513    
      30664062.50000000          56600554.17856999    
      31054687.50000000          56590583.89410871    
      31445312.50000000          56580654.54834618    
      31835937.50000000          56570768.11049229    
      32226562.50000000          56560927.44563761    
      32617187.50000000          56551136.05587870    
      33007812.50000000          56541398.00548080    
      33398437.50000000          56531687.19356443    
      33789062.50000000          56521989.36796007    
      34179687.50000000          56512232.01464525    
      34570312.50000000          56502406.60956921    
      34960937.50000000          56492438.82202340    
      35351562.50000000          56482320.95389310    
      35742187.50000000          56472163.00119703    
      36132812.50000000          56461900.30908276    
      36523437.50000000          56451478.46787950    
      36914062.50000000          56441037.83399910    
      37304687.50000000          56430456.95472260    
      37695312.50000000          56419787.32278553    
      38085937.50000000          56409093.00389324    
      38476562.50000000          56398216.80766331    
      38867187.50000000          56387336.72603668    
      39257812.50000000          56376334.35968330    
      39648437.50000000          56365282.54997124    
      40039062.50000000          56354158.37702022    
      40429687.50000000          56342968.55052269    
      40820312.50000000          56331730.72102761    
      41210937.50000000          56320423.09716120    
      41601562.50000000          56309061.36291852    
      41992187.50000000          56297286.64190742    
      42382812.50000000          56285397.31541415    
      42773437.50000000          56273860.28243018    
      43164062.50000000          56262236.18850592    
      43554687.50000000          56250563.72417955    
      43945312.50000000          56238759.60668211    
      44335937.50000000          56227013.56586882    
      44726562.50000000          56215115.91875599    
      45117187.50000000          56203301.80641318    
      45507812.50000000          56191331.21977997    
      45898437.50000000          56179447.39283641    
      46289062.50000000          56167427.84368049    
      46679687.50000000          56155467.38467475    
      47070312.50000000          56143427.50970106    
      47460937.50000000          56131377.81302822    
      47851562.50000000          56119349.37254895    
      48242187.50000000          56107191.43004988    
      48632812.50000000          56095211.21489437    
      49023437.50000000          56082920.82482512    
      49414062.50000000          56071026.02571386    
      49804687.50000000          56058791.90193381    
      50195312.50000000          56046801.56147936    
      50585937.50000000          56034669.00727342    
      50976562.50000000          56022543.96542150    
      51367187.50000000          56010556.49560482    
      51757812.50000000          55998255.05404355    
      52148437.50000000          55986457.07436074    
      52539062.50000000          55974232.09874728    
      52929687.50000000          55962370.29690121    
      53320312.50000000          55950359.35550912    
      53710937.50000000          55938292.57268579    
      54101562.50000000          55926544.94178817    
      54492187.50000000          55914309.99004259    
      54882812.50000000          55902785.05111878    
      55273437.50000000          55890843.37674120    
      55664062.50000000          55879071.62371273    
      56054687.50000000          55867473.87919074    
      56445312.50000000          55855395.24723822    
      56835937.50000000          55844191.66903111    
      57226562.50000000          55832426.58492716    
      57617187.50000000          55820987.90875198    
      58007812.50000000          55809652.39140909    
      58398437.50000000          55797852.71764319    
      58789062.50000000          55786996.69141307    
      59179687.50000000          55775528.36183731    
      59570312.50000000          55764447.89921886    
      59960937.50000000          55753494.27393899    
      60351562.50000000          55741995.96377636    
      60742187.50000000          55731606.46270181    
      61132812.50000000          55720558.64137597    
      61523437.50000000          55709856.24367860    
      61914062.50000000          55699407.87832523    
      62304687.50000000          55688268.77389003    
      62695312.50000000          55678432.30564255    
      63085937.50000000          55667927.32738253    
      63476562.50000000          55657626.17878603    
      63867187.50000000          55647799.86410796    
      64257812.50000000          55637243.11286514    
      64648437.50000000          55627883.44174872    
      65039062.50000000          55618037.83833240    
      65429687.50000000          55608178.84923331    
      65820312.50000000          55599081.88269667    
      66210937.50000000          55589218.19116919    
      66601562.50000000          55580379.02036156    
      66992187.50000000          55571293.37242887    
      67382812.50000000          55561941.73453683    
      67773437.50000000          55553664.87523502    
      68164062.50000000          55544589.85191470    
      68554687.50000000          55536345.86930077    
      68945312.50000000          55528102.06726653    
      69335937.50000000          55519357.00837423    
      69726562.50000000          55511967.90285183    
      70117187.50000000          55503752.60322453    
      70507812.50000000          55496213.70972100    
      70898437.50000000          55488869.38837513    
      71289062.50000000          55480871.50347411    
      71679687.50000000          55474411.79045577    
      72070312.50000000          55467100.08605351    
      72460937.50000000          55460482.28507201    
      72851562.50000000          55454183.27483850    
      73242187.50000000          55447230.67012717    
      73632812.50000000          55441955.71720489    
      74023437.50000000          55435810.65992663    
      74414062.50000000          55430454.77873769    
      74804687.50000000          55425346.92293644    
      75195312.50000000          55419716.07376454    
      75585937.50000000          55415657.72212975    
      75976562.50000000          55410713.75489275    
      76367187.50000000          55406779.29024173    
      76757812.50000000          55402900.43956316    
      77148437.50000000          55398743.78332979    
      77539062.50000000          55395941.51049019    
      77929687.50000000          55392240.14321396    
      78320312.50000000          55389868.13093516    
      78710937.50000000          55387261.75940791    
      79101562.50000000          55384711.51109026    
      79492187.50000000          55383212.24302527    
      79882812.50000000          55380804.07992500    
      80273437.50000000          55380118.06984709    
      80664062.50000000          55378835.47080988    
      81054687.50000000          55378004.32115429    
      81445312.50000000          55377861.58135470    
      81835937.50000000          55376896.51138786    
      82226562.50000000          55377906.43892806    
      82617187.50000000          55378008.38481476    
      83007812.50000000          55378990.41544819    
      83398437.50000000          55380265.99295990    
      83789062.50000000          55381132.14043435    
      84179687.50000000          55383596.18827460    
      84570312.50000000          55385149.45787907    
      84960937.50000000          55388016.57093634    
      85351562.50000000          55390781.62705735    
      85742187.50000000          55393540.69301882    
      86132812.50000000          55397531.17861056    
      86523437.50000000          55400610.65493780    
      86914062.50000000          55405411.52841824    
      87304687.50000000          55409743.43397085    
      87695312.50000000          55414432.82852490    
      88085937.50000000          55420031.43967623    
      88476562.50000000          55424721.48596071    
      88867187.50000000          55431480.54596155    
      89257812.50000000          55437464.71728332    
      89648437.50000000          55444096.12648433    
      90039062.50000000          55451390.68623023    
      90429687.50000000          55457879.58021904    
      90820312.50000000          55466499.77327108    
      91210937.50000000          55474230.94865548    
      91601562.50000000          55482789.06745206    
      91992187.50000000          55491875.93395441    
      92382812.50000000          55500255.07136080    
      92773437.50000000          55510714.95263831    
      93164062.50000000          55520296.41623423    
      93554687.50000000          55530739.08448141    
      93945312.50000000          55541725.38885090    
      94335937.50000000          55551936.01611955    
      94726562.50000000          55564346.96822298    
      95117187.50000000          55575893.12560709    
      95507812.50000000          55588149.90004419    
      95898437.50000000          55601159.46398087    
      96289062.50000000          55613302.50330225    
      96679687.50000000          55627620.77942464    
      97070312.50000000          55641276.09917039    
      97460937.50000000          55651019.71069309    
      97851562.50000000          55654247.03198039    
      98242187.50000000          55655956.42404772    
      98632812.50000000          55743386.23149095    
      99023437.50000000          55856435.57215134    
      99414062.50000000          55969712.13298321    
      99804687.50000000          56083489.87224159    
      100195312.5000000          56197438.10317184    
      100585937.5000000          56311761.43346992    
      100976562.5000000          56426454.24754459    
      101367187.5000000          56541321.23170175    
      101757812.5000000          56656705.03345115    
      102148437.5000000          56772332.92844498    
      102539062.5000000          56888196.78566218    
      102929687.5000000          57004600.46264203    
      103320312.5000000          57121187.40205691    
      103710937.5000000          57238128.64729124    
      104101562.5000000          57355508.77115649    
      104492187.5000000          57473077.82493658    
      104882812.5000000          57591109.25660966    
      105273437.5000000          57709491.97429906    
      105664062.5000000          57828070.43006268    
      106054687.5000000          57947185.59655663    
      106445312.5000000          58066572.26641686    
      106835937.5000000          58186161.20275740    
      107226562.5000000          58306327.34657566    
      107617187.5000000          58426709.74772379    
      108007812.5000000          58547335.55981328    
      108398437.5000000          58668515.35372569    
      108789062.5000000          58789911.20038174    
      109179687.5000000          58911580.92082322    
      109570312.5000000          59033792.18950249    
      109960937.5000000          59156228.35080591    
      110351562.5000000          59278951.58262047    
      110742187.5000000          59402223.06291115    
      111132812.5000000          59525728.55627623    
      111523437.5000000          59649511.94025201    
      111914062.5000000          59773870.00865044    
      112304687.5000000          59898472.14499972    
      112695312.5000000          60023322.48025145    
      113085937.5000000          60148795.49912362    
      113476562.5000000          60274523.26466402    
      113867187.5000000          60400508.62314641    
      114257812.5000000          60527058.46117858    
      114648437.5000000          60653937.63205601    
      115039062.5000000          60781086.88317981    
      115429687.5000000          60908716.29702212    
      115820312.5000000          61036773.38703977    
      116210937.5000000          61165112.56919584    
      116601562.5000000          61293823.88228869    
      116992187.5000000          61423080.53849363    
      117382812.5000000          61552633.27493599    
      117773437.5000000          61682486.13476289    
      118164062.5000000          61812911.68604617    
      118554687.5000000          61943698.21317496    
      118945312.5000000          62074798.78836724    
      119335937.5000000          62206435.70960280    
      119726562.5000000          62338839.59479605    
      120117187.5000000          62471575.35437959    
      120507812.5000000          62604647.66369119    
      120898437.5000000          62738455.16729778    
      121289062.5000000          62872849.75573809    
      121679687.5000000          63007599.39829018    
      122070312.5000000          63142710.03351419    
      122460937.5000000          63278542.64383204    
      122851562.5000000          63414993.55275036    
      123242187.5000000          63551824.93211036    
      123632812.5000000          63689042.55470771    
      124023437.5000000          63826694.34551242    
      124414062.5000000          63965257.08469480    
      124804687.5000000          64104228.24453014    
      125195312.5000000          64243614.34543049    
      125585937.5000000          64383421.98603281    
      125976562.5000000          64523658.00042254    
      126367187.5000000          64664721.28474402    
      126757812.5000000          64806307.06720135    
      127148437.5000000          64948345.86627872    
      127539062.5000000          65090845.41042309    
      127929687.5000000          65233813.14365663    
      128320312.5000000          65377257.19758161    
      128710937.5000000          65520341.23568048    
      129101562.5000000          65663139.49634787    
      129492187.5000000          65806432.00241315    
      129882812.5000000          65950227.61596522    
      130273437.5000000          66094534.83144436    
      130664062.5000000          66239363.16202627    
      131054687.5000000          66384722.56389373    
      131445312.5000000          66530273.72683682    
      131835937.5000000          66676133.10363990    
      132226562.5000000          66822549.74897244    
      132617187.5000000          66969533.75189638    
      133007812.5000000          67117096.23254617    
      133398437.5000000          67265248.45059516    
      133789062.5000000          67414001.16800380    
      134179687.5000000          67563365.84936033    
      134570312.5000000          67712245.04278351    
      134960937.5000000          67861608.89308214    
      135351562.5000000          68011614.13494809    
      135742187.5000000          68162273.32083349    
      136132812.5000000          68313598.97889416    
      136523437.5000000          68465604.16562839    
      136914062.5000000          68618302.21404107    
      137304687.5000000          68771707.59701648    
      137695312.5000000          68925469.83704430    
      138085937.5000000          69077955.12572576    
      138476562.5000000          69231177.40807924    
      138867187.5000000          69385151.46518473    
      139257812.5000000          69539893.40861246    
      139648437.5000000          69695419.84873223    
      140039062.5000000          69851747.01139969    
      140429687.5000000          70008891.86990014    
      140820312.5000000          70166871.39828683    
      141210937.5000000          70325703.85208338    
      141601562.5000000          70485369.07634017    
      141992187.5000000          70641570.45360407    
      142382812.5000000          70798652.31382284    
      142773437.5000000          70956633.87608613    
      143164062.5000000          71115535.54126374    
      143554687.5000000          71275378.79748416    
      143945312.5000000          71436185.01832411    
      144335937.5000000          71597976.11888102    
      144726562.5000000          71760774.46014424    
      145117187.5000000          71924603.66401663    
      145507812.5000000          72089488.60460562    
      145898437.5000000          72255454.11248063    
      146289062.5000000          72422525.77029419    
      146679687.5000000          72584460.64630800    
      147070312.5000000          72745428.59875190    
      147460937.5000000          72907516.84109300    
      147851562.5000000          73070753.09673946    
      148242187.5000000          73235166.17556755    
      148632812.5000000          73400785.42893516    
      149023437.5000000          73567642.24178647    
      149414062.5000000          73735769.09388125    
      149804687.5000000          73905198.57771723    
      150195312.5000000          74075964.71025530    
      150585937.5000000          74248102.51596552    
      150976562.5000000          74421649.34278232    
      151367187.5000000          74596643.27256329    
      151757812.5000000          74773123.24909607    
      152148437.5000000          74951129.55109414    
      152539062.5000000          75130704.63492881    
      152929687.5000000          75295179.11868870    
      153320312.5000000          75459536.24518849    
      153710937.5000000          75625400.61776355    
      154101562.5000000          75792816.60308978    
      154492187.5000000          75961831.49221827    
      154882812.5000000          76132493.63985592    
      155273437.5000000          76304853.02444169    
      155664062.5000000          76478961.36007659    
      156054687.5000000          76654873.69657171    
      156445312.5000000          76832647.16839203    
      156835937.5000000          77012340.38790558    
      157226562.5000000          77194014.45048238    
      157617187.5000000          77377733.92816518    
      158007812.5000000          77563566.50503108    
      158398437.5000000          77751581.65272450    
      158789062.5000000          77941852.00479734    
      159179687.5000000          78134454.21238829    
      159570312.5000000          78329468.90385842    
      159960937.5000000          78526979.17641743    
      160351562.5000000          78727072.05547333    
      160742187.5000000          78929839.64489633    
      161132812.5000000          79135378.70774548    
      161523437.5000000          79343789.63333230    
      161914062.5000000          79573480.45591688    
      162304687.5000000          79876109.06384128    
      162695312.5000000          80182904.16163042    
      163085937.5000000          80494021.76754379    
      163476562.5000000          80809626.33806171    
      163867187.5000000          81129892.90681154    
      164257812.5000000          81455004.65074602    
      164648437.5000000          81785154.77987058    
      165039062.5000000          82120548.71783999    
      165429687.5000000          82461403.94149791    
      165820312.5000000          82807949.56186843    
      166210937.5000000          83160428.71815290    
      166601562.5000000          83519101.16694611    
      166992187.5000000          83884241.04845469    
      167382812.5000000          84256139.75614719    
      167773437.5000000          84635109.56018209    
      168164062.5000000          85021481.88007545    
      168554687.5000000          85415609.76550116    
      168945312.5000000          85817872.47572260    
      169335937.5000000          86228674.83335659    
      169726562.5000000          86648449.47032276    
      170117187.5000000          87077662.74254066    
      170507812.5000000          87516814.68660872    
      170898437.5000000          87966442.23613399    
      171289062.5000000          88427126.64775999    
      171679687.5000000          88899493.61069630    
      172070312.5000000          89384219.18456438    
      172460937.5000000          89882038.36507182    
      172851562.5000000          90393746.00857566    
      173242187.5000000          90920207.60924216    
      173632812.5000000          91462367.08097383    
      174023437.5000000          92021252.34590320    
      174414062.5000000          92597991.71679783    
      174804687.5000000          93193819.58941041    
      175195312.5000000          93810094.55378020    
      175585937.5000000          94448314.11050126    
      175976562.5000000          95110131.46435820    
      176367187.5000000          95797381.64038682    
      176757812.5000000          96512100.08489537    
      177148437.5000000          97256560.64593427    
      177539062.5000000          98033301.58467296    
      177929687.5000000          98845176.83847228    
      178320312.5000000          99695395.76309980    
      178710937.5000000          100587592.6333752    
      179101562.5000000          101525888.2263712    
      179492187.5000000          102514985.5608246    
      179882812.5000000          103560268.0531703    
      180273437.5000000          104667932.3711765    
      180664062.5000000          105845147.7615880    
      181054687.5000000          107100246.9123526    
      181445312.5000000          108442978.8002776    
      181835937.5000000          109884810.9842845    
      182226562.5000000          111439314.1677539    
      182617187.5000000          113122657.4059034    
      183007812.5000000          114954231.0797623    
      183398437.5000000          116957445.9004933    
      183789062.5000000          119160759.6117956    
      184179687.5000000          121598999.4751188    
      184570312.5000000          124315064.1628286    
      184960937.5000000          127362106.9240176    
      185351562.5000000          130806314.6011788    
      185742187.5000000          134730384.8752145    
      186132812.5000000          139237750.8055261    
      186523437.5000000          144457448.4641023    
      186914062.5000000          150549055.6384040    
      187304687.5000000          157706433.3021993    
      187695312.5000000          166157352.3944963    
      188085937.5000000          176154098.1429465    
      188476562.5000000          187948141.0861699    
      188867187.5000000          201744045.0774284    
      189257812.5000000          217638889.6783695    
      189648437.5000000          235574477.1115060    
      190039062.5000000          255295476.7798291    
      190429687.5000000          276608858.9348754    
      190820312.5000000          299210586.7754989    
      191210937.5000000          322978630.7821387    
      191601562.5000000          348010857.0633833    
      191992187.5000000          374702203.3097106    
      192382812.5000000          135101143.4159079    
      192773437.5000000          13514543952.05552    
      193164062.5000000          13514543952.05552    
      193554687.5000000          13514543952.05552    
      193945312.5000000          13514543952.05552    
      194335937.5000000          13514543952.05552    
      194726562.5000000          13514543952.05552    
      195117187.5000000          13514543952.05552    
      195507812.5000000          13514543952.05552    
      195898437.5000000          13514543952.05552    
      196289062.5000000          13514543952.05552    
      196679687.5000000          13514543952.05552    
      197070312.5000000          13514543952.05552    
      197460937.5000000          13514543952.05552    
      197851562.5000000          13514543952.05552    
      198242187.5000000          13514543952.05552    
      198632812.5000000          13514543952.05552    
      199023437.5000000          13514543952.05552    
      199414062.5000000          13514543952.05552    
      199804687.5000000          13514543952.05552    
      200195312.5000000          13514543952.05552    
      200585937.5000000          13514543952.05552    
      200976562.5000000          13514543952.05552    
      201367187.5000000          13514543952.05552    
      201757812.5000000          13514543952.05552    
      202148437.5000000          13514543952.05552    
      202539062.5000000          13514543952.05552    
      202929687.5000000          13514543952.05552    
      203320312.5000000          13514543952.05552    
      203710937.5000000          13514543952.05552    
      204101562.5000000          13514543952.05552    
      204492187.5000000          13514543952.05552    
      204882812.5000000          13514543952.05552    
      205273437.5000000          13514543952.05552    
      205664062.5000000          13514543952.05552    
      206054687.5000000          13514543952.05552    
      206445312.5000000          13514543952.05552    
      206835937.5000000          13514543952.05552    
      207226562.5000000          13514543952.05552    
      207617187.5000000          13514543952.05552    
      208007812.5000000          13514543952.05552    
      208398437.5000000          13514543952.05552    
      208789062.5000000          13514543952.05552    
      209179687.5000000          13514543952.05552    
      209570312.5000000          13514543952.05552    
      209960937.5000000          13514543952.05552    
      210351562.5000000          13514543952.05552    
      210742187.5000000          13514543952.05552    
      211132812.5000000          13514543952.05552    
      211523437.5000000          13514543952.05552    
      211914062.5000000          13514543952.05552    
      212304687.5000000          13514543952.05552    
      212695312.5000000          13514543952.05552    
      213085937.5000000          13514543952.05552    
      213476562.5000000          13514543952.05552    
      213867187.5000000          13514543952.05552    
      214257812.5000000          13514543952.05552    
      214648437.5000000          13514543952.05552    
      215039062.5000000          13514543952.05552    
      215429687.5000000          13514543952.05552    
      215820312.5000000          13514543952.05552    
      216210937.5000000          13514543952.05552    
      216601562.5000000          13514543952.05552    
      216992187.5000000          13514543952.05552    
      217382812.5000000          13514543952.05552    
      217773437.5000000          13514543952.05552    
      218164062.5000000          13514543952.05552    
      218554687.5000000          13514543952.05552    
      218945312.5000000          13514543952.05552    
      219335937.5000000          13514543952.05552    
      219726562.5000000          13514543952.05552    
      220117187.5000000          13514543952.05552    
      220507812.5000000          13514543952.05552    
      220898437.5000000          13514543952.05552    
      221289062.5000000          13514543952.05552    
      221679687.5000000          13514543952.05552    
      222070312.5000000          13514543952.05552    
      222460937.5000000          13514543952.05552    
      222851562.5000000          13514543952.05552    
      223242187.5000000          13514543952.05552    
      223632812.5000000          13514543952.05552    
      224023437.5000000          13514543952.05552    
      224414062.5000000          13514543952.05552    
      224804687.5000000          13514543952.05552    
      225195312.5000000          13514543952.05552    
      225585937.5000000          13514543952.05552    
      225976562.5000000          13514543952.05552    
      226367187.5000000          13514543952.05552    
      226757812.5000000          13514543952.05552    
      227148437.5000000          13514543952.05552    
      227539062.5000000          13514543952.05552    
      227929687.5000000          13514543952.05552    
      228320312.5000000          13514543952.05552    
      228710937.5000000          13514543952.05552    
      229101562.5000000          13514543952.05552    
      229492187.5000000          13514543952.05552    
      229882812.5000000          13514543952.05552    
      230273437.5000000          13514543952.05552    
      230664062.5000000          13514543952.05552    
      231054687.5000000          13514543952.05552    
      231445312.5000000          13514543952.05552    
      231835937.5000000          13514543952.05552    
      232226562.5000000          13514543952.05552    
      232617187.5000000          13514543952.05552    
      233007812.5000000          13514543952.05552    
      233398437.5000000          13514543952.05552    
      233789062.5000000          13514543952.05552    
      234179687.5000000          13514543952.05552    
      234570312.5000000          13514543952.05552    
      234960937.5000000          13514543952.05552    
      235351562.5000000          13514543952.05552    
      235742187.5000000          13514543952.05552    
      236132812.5000000          13514543952.05552    
      236523437.5000000          13514543952.05552    
      236914062.5000000          13514543952.05552    
      237304687.5000000          13514543952.05552    
      237695312.5000000          13514543952.05552    
      238085937.5000000          13514543952.05552    
      238476562.5000000          13514543952.05552    
      238867187.5000000          13514543952.05552    
      239257812.5000000          13514543952.05552    
      239648437.5000000          13514543952.05552    
      240039062.5000000          13514543952.05552    
      240429687.5000000          13514543952.05552    
      240820312.5000000          13514543952.05552    
      241210937.5000000          13514543952.05552    
      241601562.5000000          13514543952.05552    
      241992187.5000000          13514543952.05552    
      242382812.5000000          13514543952.05552    
      242773437.5000000          13514543952.05552    
      243164062.5000000          13514543952.05552    
      243554687.5000000          13514543952.05552    
      243945312.5000000          13514543952.05552    
      244335937.5000000          13514543952.05552    
      244726562.5000000          13514543952.05552    
      245117187.5000000          13514543952.05552    
      245507812.5000000          13514543952.05552    
      245898437.5000000          13514543952.05552    
      246289062.5000000          13514543952.05552    
      246679687.5000000          13514543952.05552    
      247070312.5000000          13514543952.05552    
      247460937.5000000          13514543952.05552    
      247851562.5000000          13514543952.05552    
      248242187.5000000          13514543952.05552    
      248632812.5000000          13514543952.05552    
      249023437.5000000          13514543952.05552    
      249414062.5000000          13514543952.05552    
      249804687.5000000          13514543952.05552    
      250195312.5000000          13514543952.05552    
      250585937.5000000          13514543952.05552    
      250976562.5000000          13514543952.05552    
      251367187.5000000          13514543952.05552    
      251757812.5000000          13514543952.05552    
      252148437.5000000          13514543952.05552    
      252539062.5000000          13514543952.05552    
      252929687.5000000          13514543952.05552    
      253320312.5000000          13514543952.05552    
      253710937.5000000          13514543952.05552    
      254101562.5000000          13514543952.05552    
      254492187.5000000          13514543952.05552    
      254882812.5000000          13514543952.05552    
      255273437.5000000          13514543952.05552    
      255664062.5000000          13514543952.05552    
      256054687.5000000          13514543952.05552    
      256445312.5000000          13514543952.05552    
      256835937.5000000          13514543952.05552    
      257226562.5000000          13514543952.05552    
      257617187.5000000          13514543952.05552    
      258007812.5000000          13514543952.05552    
      258398437.5000000          13514543952.05552    
      258789062.5000000          13514543952.05552    
      259179687.5000000          13514543952.05552    
      259570312.5000000          13514543952.05552    
      259960937.5000000          13514543952.05552    
      260351562.5000000          13514543952.05552    
      260742187.5000000          13514543952.05552    
      261132812.5000000          13514543952.05552    
      261523437.5000000          13514543952.05552    
      261914062.5000000          13514543952.05552    
      262304687.5000000          13514543952.05552    
      262695312.5000000          13514543952.05552    
      263085937.5000000          13514543952.05552    
      263476562.5000000          13514543952.05552    
      263867187.5000000          13514543952.05552    
      264257812.5000000          13514543952.05552    
      264648437.5000000          13514543952.05552    
      265039062.5000000          13514543952.05552    
      265429687.5000000          13514543952.05552    
      265820312.5000000          13514543952.05552    
      266210937.5000000          13514543952.05552    
      266601562.5000000          13514543952.05552    
      266992187.5000000          13514543952.05552    
      267382812.5000000          13514543952.05552    
      267773437.5000000          13514543952.05552    
      268164062.5000000          13514543952.05552    
      268554687.5000000          13514543952.05552    
      268945312.5000000          13514543952.05552    
      269335937.5000000          13514543952.05552    
      269726562.5000000          13514543952.05552    
      270117187.5000000          13514543952.05552    
      270507812.5000000          13514543952.05552    
      270898437.5000000          13514543952.05552    
      271289062.5000000          13514543952.05552    
      271679687.5000000          13514543952.05552    
      272070312.5000000          13514543952.05552    
      272460937.5000000          13514543952.05552    
      272851562.5000000          13514543952.05552    
      273242187.5000000          13514543952.05552    
      273632812.5000000          13514543952.05552    
      274023437.5000000          13514543952.05552    
      274414062.5000000          13514543952.05552    
      274804687.5000000          13514543952.05552    
      275195312.5000000          13514543952.05552    
      275585937.5000000          13514543952.05552    
      275976562.5000000          13514543952.05552    
      276367187.5000000          13514543952.05552    
      276757812.5000000          13514543952.05552    
      277148437.5000000          13514543952.05552    
      277539062.5000000          13514543952.05552    
      277929687.5000000          13514543952.05552    
      278320312.5000000          13514543952.05552    
      278710937.5000000          13514543952.05552    
      279101562.5000000          13514543952.05552    
      279492187.5000000          13514543952.05552    
      279882812.5000000          13514543952.05552    
      280273437.5000000          13514543952.05552    
      280664062.5000000          13514543952.05552    
      281054687.5000000          13514543952.05552    
      281445312.5000000          13514543952.05552    
      281835937.5000000          13514543952.05552    
      282226562.5000000          13514543952.05552    
      282617187.5000000          13514543952.05552    
      283007812.5000000          13514543952.05552    
      283398437.5000000          13514543952.05552    
      283789062.5000000          13514543952.05552    
      284179687.5000000          13514543952.05552    
      284570312.5000000          13514543952.05552    
      284960937.5000000          13514543952.05552    
      285351562.5000000          13514543952.05552    
      285742187.5000000          13514543952.05552    
      286132812.5000000          13514543952.05552    
      286523437.5000000          13514543952.05552    
      286914062.5000000          13514543952.05552    
      287304687.5000000          13514543952.05552    
      287695312.5000000          13514543952.05552    
      288085937.5000000          13514543952.05552    
      288476562.5000000          13514543952.05552    
      288867187.5000000          13514543952.05552    
      289257812.5000000          13514543952.05552    
      289648437.5000000          13514543952.05552    
      290039062.5000000          13514543952.05552    
      290429687.5000000          13514543952.05552    
      290820312.5000000          13514543952.05552    
      291210937.5000000          13514543952.05552    
      291601562.5000000          13514543952.05552    
      291992187.5000000          13514543952.05552    
      292382812.5000000          13514543952.05552    
      292773437.5000000          13514543952.05552    
      293164062.5000000          13514543952.05552    
      293554687.5000000          13514543952.05552    
      293945312.5000000          13514543952.05552    
      294335937.5000000          13514543952.05552    
      294726562.5000000          13514543952.05552    
      295117187.5000000          13514543952.05552    
      295507812.5000000          13514543952.05552    
      295898437.5000000          13514543952.05552    
      296289062.5000000          13514543952.05552    
      296679687.5000000          13514543952.05552    
      297070312.5000000          13514543952.05552    
      297460937.5000000          13514543952.05552    
      297851562.5000000          13514543952.05552    
      298242187.5000000          13514543952.05552    
      298632812.5000000          13514543952.05552    
      299023437.5000000          13514543952.05552    
      299414062.5000000          13514543952.05552    
      299804687.5000000          13514543952.05552    
      300195312.5000000          13514543952.05552    
      300585937.5000000          13514543952.05552    
      300976562.5000000          13514543952.05552    
      301367187.5000000          13514543952.05552    
      301757812.5000000          13514543952.05552    
      302148437.5000000          13514543952.05552    
      302539062.5000000          13514543952.05552    
      302929687.5000000          13514543952.05552    
      303320312.5000000          13514543952.05552    
      303710937.5000000          13514543952.05552    
      304101562.5000000          13514543952.05552    
      304492187.5000000          13514543952.05552    
      304882812.5000000          13514543952.05552    
      305273437.5000000          13514543952.05552    
      305664062.5000000          13514543952.05552    
      306054687.5000000          13514543952.05552    
      306445312.5000000          13514543952.05552    
      306835937.5000000          13514543952.05552    
      307226562.5000000          13514543952.05552    
      307617187.5000000          13514543952.05552    
      308007812.5000000          13514543952.05552    
      308398437.5000000          13514543952.05552    
      308789062.5000000          13514543952.05552    
      309179687.5000000          13514543952.05552    
      309570312.5000000          13514543952.05552    
      309960937.5000000          13514543952.05552    
      310351562.5000000          13514543952.05552    
      310742187.5000000          13514543952.05552    
      311132812.5000000          13514543952.05552    
      311523437.5000000          13514543952.05552    
      311914062.5000000          13514543952.05552    
      312304687.5000000          13514543952.05552    
      312695312.5000000          13514543952.05552    
      313085937.5000000          13514543952.05552    
      313476562.5000000          13514543952.05552    
      313867187.5000000          13514543952.05552    
      314257812.5000000          13514543952.05552    
      314648437.5000000          13514543952.05552    
      315039062.5000000          13514543952.05552    
      315429687.5000000          13514543952.05552    
      315820312.5000000          13514543952.05552    
      316210937.5000000          13514543952.05552    
      316601562.5000000          13514543952.05552    
      316992187.5000000          13514543952.05552    
      317382812.5000000          13514543952.05552    
      317773437.5000000          13514543952.05552    
      318164062.5000000          13514543952.05552    
      318554687.5000000          13514543952.05552    
      318945312.5000000          13514543952.05552    
      319335937.5000000          13514543952.05552    
      319726562.5000000          13514543952.05552    
      320117187.5000000          13514543952.05552    
      320507812.5000000          13514543952.05552    
      320898437.5000000          13514543952.05552    
      321289062.5000000          13514543952.05552    
      321679687.5000000          13514543952.05552    
      322070312.5000000          13514543952.05552    
      322460937.5000000          13514543952.05552    
      322851562.5000000          13514543952.05552    
      323242187.5000000          13514543952.05552    
      323632812.5000000          13514543952.05552    
      324023437.5000000          13514543952.05552    
      324414062.5000000          13514543952.05552    
      324804687.5000000          13514543952.05552    
      325195312.5000000          13514543952.05552    
      325585937.5000000          13514543952.05552    
      325976562.5000000          13514543952.05552    
      326367187.5000000          13514543952.05552    
      326757812.5000000          13514543952.05552    
      327148437.5000000          13514543952.05552    
      327539062.5000000          13514543952.05552    
      327929687.5000000          13514543952.05552    
      328320312.5000000          13514543952.05552    
      328710937.5000000          13514543952.05552    
      329101562.5000000          13514543952.05552    
      329492187.5000000          13514543952.05552    
      329882812.5000000          13514543952.05552    
      330273437.5000000          13514543952.05552    
      330664062.5000000          13514543952.05552    
      331054687.5000000          13514543952.05552    
      331445312.5000000          13514543952.05552    
      331835937.5000000          13514543952.05552    
      332226562.5000000          13514543952.05552    
      332617187.5000000          13514543952.05552    
      333007812.5000000          13514543952.05552    
      333398437.5000000          13514543952.05552    
      333789062.5000000          13514543952.05552    
      334179687.5000000          13514543952.05552    
      334570312.5000000          13514543952.05552    
      334960937.5000000          13514543952.05552    
      335351562.5000000          13514543952.05552    
      335742187.5000000          13514543952.05552    
      336132812.5000000          13514543952.05552    
      336523437.5000000          13514543952.05552    
      336914062.5000000          13514543952.05552    
      337304687.5000000          13514543952.05552    
      337695312.5000000          13514543952.05552    
      338085937.5000000          13514543952.05552    
      338476562.5000000          13514543952.05552    
      338867187.5000000          13514543952.05552    
      339257812.5000000          13514543952.05552    
      339648437.5000000          13514543952.05552    
      340039062.5000000          13514543952.05552    
      340429687.5000000          13514543952.05552    
      340820312.5000000          13514543952.05552    
      341210937.5000000          13514543952.05552    
      341601562.5000000          13514543952.05552    
      341992187.5000000          13514543952.05552    
      342382812.5000000          13514543952.05552    
      342773437.5000000          13514543952.05552    
      343164062.5000000          13514543952.05552    
      343554687.5000000          13514543952.05552    
      343945312.5000000          13514543952.05552    
      344335937.5000000          13514543952.05552    
      344726562.5000000          13514543952.05552    
      345117187.5000000          13514543952.05552    
      345507812.5000000          13514543952.05552    
      345898437.5000000          13514543952.05552    
      346289062.5000000          13514543952.05552    
      346679687.5000000          13514543952.05552    
      347070312.5000000          13514543952.05552    
      347460937.5000000          13514543952.05552    
      347851562.5000000          13514543952.05552    
      348242187.5000000          13514543952.05552    
      348632812.5000000          13514543952.05552    
      349023437.5000000          13514543952.05552    
      349414062.5000000          13514543952.05552    
      349804687.5000000          13514543952.05552    
      350195312.5000000          13514543952.05552    
      350585937.5000000          13514543952.05552    
      350976562.5000000          13514543952.05552    
      351367187.5000000          13514543952.05552    
      351757812.5000000          13514543952.05552    
      352148437.5000000          13514543952.05552    
      352539062.5000000          13514543952.05552    
      352929687.5000000          13514543952.05552    
      353320312.5000000          13514543952.05552    
      353710937.5000000          13514543952.05552    
      354101562.5000000          13514543952.05552    
      354492187.5000000          13514543952.05552    
      354882812.5000000          13514543952.05552    
      355273437.5000000          13514543952.05552    
      355664062.5000000          13514543952.05552    
      356054687.5000000          13514543952.05552    
      356445312.5000000          13514543952.05552    
      356835937.5000000          13514543952.05552    
      357226562.5000000          13514543952.05552    
      357617187.5000000          13514543952.05552    
      358007812.5000000          13514543952.05552    
      358398437.5000000          13514543952.05552    
      358789062.5000000          13514543952.05552    
      359179687.5000000          13514543952.05552    
      359570312.5000000          13514543952.05552    
      359960937.5000000          13514543952.05552    
      360351562.5000000          13514543952.05552    
      360742187.5000000          13514543952.05552    
      361132812.5000000          13514543952.05552    
      361523437.5000000          13514543952.05552    
      361914062.5000000          13514543952.05552    
      362304687.5000000          13514543952.05552    
      362695312.5000000          13514543952.05552    
      363085937.5000000          13514543952.05552    
      363476562.5000000          13514543952.05552    
      363867187.5000000          13514543952.05552    
      364257812.5000000          13514543952.05552    
      364648437.5000000          13514543952.05552    
      365039062.5000000          13514543952.05552    
      365429687.5000000          13514543952.05552    
      365820312.5000000          13514543952.05552    
      366210937.5000000          13514543952.05552    
      366601562.5000000          13514543952.05552    
      366992187.5000000          13514543952.05552    
      367382812.5000000          13514543952.05552    
      367773437.5000000          13514543952.05552    
      368164062.5000000          13514543952.05552    
      368554687.5000000          13514543952.05552    
      368945312.5000000          13514543952.05552    
      369335937.5000000          13514543952.05552    
      369726562.5000000          13514543952.05552    
      370117187.5000000          13514543952.05552    
      370507812.5000000          13514543952.05552    
      370898437.5000000          13514543952.05552    
      371289062.5000000          13514543952.05552    
      371679687.5000000          13514543952.05552    
      372070312.5000000          13514543952.05552    
      372460937.5000000          13514543952.05552    
      372851562.5000000          13514543952.05552    
      373242187.5000000          13514543952.05552    
      373632812.5000000          13514543952.05552    
      374023437.5000000          13514543952.05552    
      374414062.5000000          13514543952.05552    
      374804687.5000000          13514543952.05552    
      375195312.5000000          13514543952.05552    
      375585937.5000000          13514543952.05552    
      375976562.5000000          13514543952.05552    
      376367187.5000000          13514543952.05552    
      376757812.5000000          13514543952.05552    
      377148437.5000000          13514543952.05552    
      377539062.5000000          13514543952.05552    
      377929687.5000000          13514543952.05552    
      378320312.5000000          13514543952.05552    
      378710937.5000000          13514543952.05552    
      379101562.5000000          13514543952.05552    
      379492187.5000000          13514543952.05552    
      379882812.5000000          13514543952.05552    
      380273437.5000000          13514543952.05552    
      380664062.5000000          13514543952.05552    
      381054687.5000000          13514543952.05552    
      381445312.5000000          13514543952.05552    
      381835937.5000000          13514543952.05552    
      382226562.5000000          13514543952.05552    
      382617187.5000000          13514543952.05552    
      383007812.5000000          13514543952.05552    
      383398437.5000000          13514543952.05552    
      383789062.5000000          13514543952.05552    
      384179687.5000000          13514543952.05552    
      384570312.5000000          13514543952.05552    
      384960937.5000000          13514543952.05552    
      385351562.5000000          13514543952.05552    
      385742187.5000000          13514543952.05552    
      386132812.5000000          13514543952.05552    
      386523437.5000000          13514543952.05552    
      386914062.5000000          13514543952.05552    
      387304687.5000000          13514543952.05552    
      387695312.5000000          13514543952.05552    
      388085937.5000000          13514543952.05552    
      388476562.5000000          13514543952.05552    
      388867187.5000000          13514543952.05552    
      389257812.5000000          13514543952.05552    
      389648437.5000000          13514543952.05552    
      390039062.5000000          13514543952.05552    
      390429687.5000000          13514543952.05552    
      390820312.5000000          13514543952.05552    
      391210937.5000000          13514543952.05552    
      391601562.5000000          13514543952.05552    
      391992187.5000000          13514543952.05552    
      392382812.5000000          13514543952.05552    
      392773437.5000000          13514543952.05552    
      393164062.5000000          13514543952.05552    
      393554687.5000000          13514543952.05552    
      393945312.5000000          13514543952.05552    
      394335937.5000000          13514543952.05552    
      394726562.5000000          13514543952.05552    
      395117187.5000000          13514543952.05552    
      395507812.5000000          13514543952.05552    
      395898437.5000000          13514543952.05552    
      396289062.5000000          13514543952.05552    
      396679687.5000000          13514543952.05552    
      397070312.5000000          13514543952.05552    
      397460937.5000000          13514543952.05552    
      397851562.5000000          13514543952.05552    
      398242187.5000000          13514543952.05552    
      398632812.5000000          13514543952.05552    
      399023437.5000000          13514543952.05552    
      399414062.5000000          13514543952.05552    
      399804687.5000000          13514543952.05552    
      400195312.5000000          13514543952.05552    
      400585937.5000000          13514543952.05552    
      400976562.5000000          13514543952.05552    
      401367187.5000000          13514543952.05552    
      401757812.5000000          13514543952.05552    
      402148437.5000000          13514543952.05552    
      402539062.5000000          13514543952.05552    
      402929687.5000000          13514543952.05552    
      403320312.5000000          13514543952.05552    
      403710937.5000000          13514543952.05552    
      404101562.5000000          13514543952.05552    
      404492187.5000000          13514543952.05552    
      404882812.5000000          13514543952.05552    
      405273437.5000000          13514543952.05552    
      405664062.5000000          13514543952.05552    
      406054687.5000000          13514543952.05552    
      406445312.5000000          13514543952.05552    
      406835937.5000000          13514543952.05552    
      407226562.5000000          13514543952.05552    
      407617187.5000000          13514543952.05552    
      408007812.5000000          13514543952.05552    
      408398437.5000000          13514543952.05552    
      408789062.5000000          13514543952.05552    
      409179687.5000000          13514543952.05552    
      409570312.5000000          13514543952.05552    
      409960937.5000000          13514543952.05552    
      410351562.5000000          13514543952.05552    
      410742187.5000000          13514543952.05552    
      411132812.5000000          13514543952.05552    
      411523437.5000000          13514543952.05552    
      411914062.5000000          13514543952.05552    
      412304687.5000000          13514543952.05552    
      412695312.5000000          13514543952.05552    
      413085937.5000000          13514543952.05552    
      413476562.5000000          13514543952.05552    
      413867187.5000000          13514543952.05552    
      414257812.5000000          13514543952.05552    
      414648437.5000000          13514543952.05552    
      415039062.5000000          13514543952.05552    
      415429687.5000000          13514543952.05552    
      415820312.5000000          13514543952.05552    
      416210937.5000000          13514543952.05552    
      416601562.5000000          13514543952.05552    
      416992187.5000000          13514543952.05552    
      417382812.5000000          13514543952.05552    
      417773437.5000000          13514543952.05552    
      418164062.5000000          13514543952.05552    
      418554687.5000000          13514543952.05552    
      418945312.5000000          13514543952.05552    
      419335937.5000000          13514543952.05552    
      419726562.5000000          13514543952.05552    
      420117187.5000000          13514543952.05552    
      420507812.5000000          13514543952.05552    
      420898437.5000000          13514543952.05552    
      421289062.5000000          13514543952.05552    
      421679687.5000000          13514543952.05552    
      422070312.5000000          13514543952.05552    
      422460937.5000000          13514543952.05552    
      422851562.5000000          13514543952.05552    
      423242187.5000000          13514543952.05552    
      423632812.5000000          13514543952.05552    
      424023437.5000000          13514543952.05552    
      424414062.5000000          13514543952.05552    
      424804687.5000000          13514543952.05552    
      425195312.5000000          13514543952.05552    
      425585937.5000000          13514543952.05552    
      425976562.5000000          13514543952.05552    
      426367187.5000000          13514543952.05552    
      426757812.5000000          13514543952.05552    
      427148437.5000000          13514543952.05552    
      427539062.5000000          13514543952.05552    
      427929687.5000000          13514543952.05552    
      428320312.5000000          13514543952.05552    
      428710937.5000000          13514543952.05552    
      429101562.5000000          13514543952.05552    
      429492187.5000000          13514543952.05552    
      429882812.5000000          13514543952.05552    
      430273437.5000000          13514543952.05552    
      430664062.5000000          13514543952.05552    
      431054687.5000000          13514543952.05552    
      431445312.5000000          13514543952.05552    
      431835937.5000000          13514543952.05552    
      432226562.5000000          13514543952.05552    
      432617187.5000000          13514543952.05552    
      433007812.5000000          13514543952.05552    
      433398437.5000000          13514543952.05552    
      433789062.5000000          13514543952.05552    
      434179687.5000000          13514543952.05552    
      434570312.5000000          13514543952.05552    
      434960937.5000000          13514543952.05552    
      435351562.5000000          13514543952.05552    
      435742187.5000000          13514543952.05552    
      436132812.5000000          13514543952.05552    
      436523437.5000000          13514543952.05552    
      436914062.5000000          13514543952.05552    
      437304687.5000000          13514543952.05552    
      437695312.5000000          13514543952.05552    
      438085937.5000000          13514543952.05552    
      438476562.5000000          13514543952.05552    
      438867187.5000000          13514543952.05552    
      439257812.5000000          13514543952.05552    
      439648437.5000000          13514543952.05552    
      440039062.5000000          13514543952.05552    
      440429687.5000000          13514543952.05552    
      440820312.5000000          13514543952.05552    
      441210937.5000000          13514543952.05552    
      441601562.5000000          13514543952.05552    
      441992187.5000000          13514543952.05552    
      442382812.5000000          13514543952.05552    
      442773437.5000000          13514543952.05552    
      443164062.5000000          13514543952.05552    
      443554687.5000000          13514543952.05552    
      443945312.5000000          13514543952.05552    
      444335937.5000000          13514543952.05552    
      444726562.5000000          13514543952.05552    
      445117187.5000000          13514543952.05552    
      445507812.5000000          13514543952.05552    
      445898437.5000000          13514543952.05552    
      446289062.5000000          13514543952.05552    
      446679687.5000000          13514543952.05552    
      447070312.5000000          13514543952.05552    
      447460937.5000000          13514543952.05552    
      447851562.5000000          13514543952.05552    
      448242187.5000000          13514543952.05552    
      448632812.5000000          13514543952.05552    
      449023437.5000000          13514543952.05552    
      449414062.5000000          13514543952.05552    
      449804687.5000000          13514543952.05552    
      450195312.5000000          13514543952.05552    
      450585937.5000000          13514543952.05552    
      450976562.5000000          13514543952.05552    
      451367187.5000000          13514543952.05552    
      451757812.5000000          13514543952.05552    
      452148437.5000000          13514543952.05552    
      452539062.5000000          13514543952.05552    
      452929687.5000000          13514543952.05552    
      453320312.5000000          13514543952.05552    
      453710937.5000000          13514543952.05552    
      454101562.5000000          13514543952.05552    
      454492187.5000000          13514543952.05552    
      454882812.5000000          13514543952.05552    
      455273437.5000000          13514543952.05552    
      455664062.5000000          13514543952.05552    
      456054687.5000000          13514543952.05552    
      456445312.5000000          13514543952.05552    
      456835937.5000000          13514543952.05552    
      457226562.5000000          13514543952.05552    
      457617187.5000000          13514543952.05552    
      458007812.5000000          13514543952.05552    
      458398437.5000000          13514543952.05552    
      458789062.5000000          13514543952.05552    
      459179687.5000000          13514543952.05552    
      459570312.5000000          13514543952.05552    
      459960937.5000000          13514543952.05552    
      460351562.5000000          13514543952.05552    
      460742187.5000000          13514543952.05552    
      461132812.5000000          13514543952.05552    
      461523437.5000000          13514543952.05552    
      461914062.5000000          13514543952.05552    
      462304687.5000000          13514543952.05552    
      462695312.5000000          13514543952.05552    
      463085937.5000000          13514543952.05552    
      463476562.5000000          13514543952.05552    
      463867187.5000000          13514543952.05552    
      464257812.5000000          13514543952.05552    
      464648437.5000000          13514543952.05552    
      465039062.5000000          13514543952.05552    
      465429687.5000000          13514543952.05552    
      465820312.5000000          13514543952.05552    
      466210937.5000000          13514543952.05552    
      466601562.5000000          13514543952.05552    
      466992187.5000000          13514543952.05552    
      467382812.5000000          13514543952.05552    
      467773437.5000000          13514543952.05552    
      468164062.5000000          13514543952.05552    
      468554687.5000000          13514543952.05552    
      468945312.5000000          13514543952.05552    
      469335937.5000000          13514543952.05552    
      469726562.5000000          13514543952.05552    
      470117187.5000000          13514543952.05552    
      470507812.5000000          13514543952.05552    
      470898437.5000000          13514543952.05552    
      471289062.5000000          13514543952.05552    
      471679687.5000000          13514543952.05552    
      472070312.5000000          13514543952.05552    
      472460937.5000000          13514543952.05552    
      472851562.5000000          13514543952.05552    
      473242187.5000000          13514543952.05552    
      473632812.5000000          13514543952.05552    
      474023437.5000000          13514543952.05552    
      474414062.5000000          13514543952.05552    
      474804687.5000000          13514543952.05552    
      475195312.5000000          13514543952.05552    
      475585937.5000000          13514543952.05552    
      475976562.5000000          13514543952.05552    
      476367187.5000000          13514543952.05552    
      476757812.5000000          13514543952.05552    
      477148437.5000000          13514543952.05552    
      477539062.5000000          13514543952.05552    
      477929687.5000000          13514543952.05552    
      478320312.5000000          13514543952.05552    
      478710937.5000000          13514543952.05552    
      479101562.5000000          13514543952.05552    
      479492187.5000000          13514543952.05552    
      479882812.5000000          13514543952.05552    
      480273437.5000000          13514543952.05552    
      480664062.5000000          13514543952.05552    
      481054687.5000000          13514543952.05552    
      481445312.5000000          13514543952.05552    
      481835937.5000000          13514543952.05552    
      482226562.5000000          13514543952.05552    
      482617187.5000000          13514543952.05552    
      483007812.5000000          13514543952.05552    
      483398437.5000000          13514543952.05552    
      483789062.5000000          13514543952.05552    
      484179687.5000000          13514543952.05552    
      484570312.5000000          13514543952.05552    
      484960937.5000000          13514543952.05552    
      485351562.5000000          13514543952.05552    
      485742187.5000000          13514543952.05552    
      486132812.5000000          13514543952.05552    
      486523437.5000000          13514543952.05552    
      486914062.5000000          13514543952.05552    
      487304687.5000000          13514543952.05552    
      487695312.5000000          13514543952.05552    
      488085937.5000000          13514543952.05552    
      488476562.5000000          13514543952.05552    
      488867187.5000000          13514543952.05552    
      489257812.5000000          13514543952.05552    
      489648437.5000000          13514543952.05552    
      490039062.5000000          13514543952.05552    
      490429687.5000000          13514543952.05552    
      490820312.5000000          13514543952.05552    
      491210937.5000000          13514543952.05552    
      491601562.5000000          13514543952.05552    
      491992187.5000000          13514543952.05552    
      492382812.5000000          13514543952.05552    
      492773437.5000000          13514543952.05552    
      493164062.5000000          13514543952.05552    
      493554687.5000000          13514543952.05552    
      493945312.5000000          13514543952.05552    
      494335937.5000000          13514543952.05552    
      494726562.5000000          13514543952.05552    
      495117187.5000000          13514543952.05552    
      495507812.5000000          13514543952.05552    
      495898437.5000000          13514543952.05552    
      496289062.5000000          13514543952.05552    
      496679687.5000000          13514543952.05552    
      497070312.5000000          13514543952.05552    
      497460937.5000000          13514543952.05552    
      497851562.5000000          13514543952.05552    
      498242187.5000000          13514543952.05552    
      498632812.5000000          13514543952.05552    
      499023437.5000000          13514543952.05552    
      499414062.5000000          13514543952.05552    
      499804687.5000000          13514543952.05552    
