      195312.5000000000          39314182.89459564    
      585937.5000000000          39352342.30319466    
      976562.5000000000          39428387.88101980    
      1367187.500000000          39541841.27828979    
      1757812.500000000          39691684.35221107    
      2148437.500000000          39876350.09452398    
      2539062.500000000          40093629.23768331    
      2929687.500000000          40340213.17686541    
      3320312.500000000          40623241.85185144    
      3710937.500000000          40933552.18609960    
      4101562.500000000          41254207.09800912    
      4492187.500000000          41583264.21811330    
      4882812.500000000          41915278.32571723    
      5273437.500000000          42259481.79562321    
      5664062.500000000          42696509.54346552    
      6054687.500000000          43173305.05299189    
      6445312.500000000          43642545.53737971    
      6835937.500000000          44294793.93706335    
      7226562.500000000          45863020.46439037    
      7617187.500000000          45860672.12695175    
      8007812.500000000          43938054.19986834    
      8398437.500000000          43121518.70425574    
      8789062.500000000          41651543.29306340    
      9179687.500000000          39122643.68902950    
      9570312.500000000          36613664.24000999    
      9960937.500000000          34771347.48225805    
      10351562.50000000          33531594.96773072    
      10742187.50000000          32725947.85887015    
      11132812.50000000          32224064.22640112    
      11523437.50000000          31965929.21828949    
      11914062.50000000          31830063.12525263    
      12304687.50000000          31771828.70855123    
      12695312.50000000          31757647.35325276    
      13085937.50000000          31767913.48679950    
      13476562.50000000          31791895.15543230    
      13867187.50000000          31824279.49964683    
      14257812.50000000          31861083.90953847    
      14648437.50000000          31901145.23760554    
      15039062.50000000          31942962.31768376    
      15429687.50000000          31986113.03406117    
      15820312.50000000          32030596.50521012    
      16210937.50000000          32075873.21131295    
      16601562.50000000          32121351.80348760    
      16992187.50000000          32169074.82305688    
      17382812.50000000          32217111.74250905    
      17773437.50000000          32263172.59749757    
      18164062.50000000          32321994.76783551    
      18554687.50000000          32363448.10486941    
      18945312.50000000          32416164.53154109    
      19335937.50000000          32480520.69606873    
      19726562.50000000          32523410.04854381    
      20117187.50000000          32577959.05518908    
      20507812.50000000          32633512.26282867    
      20898437.50000000          32690097.30154017    
      21289062.50000000          32747573.04512110    
      21679687.50000000          32805631.78662182    
      22070312.50000000          32864761.71680289    
      22460937.50000000          32924663.79871945    
      22851562.50000000          32985443.01285863    
      23242187.50000000          33047171.97715851    
      23632812.50000000          33109628.15046041    
      24023437.50000000          33172795.45665988    
      24414062.50000000          33236875.86042537    
      24804687.50000000          33301761.51405020    
      25195312.50000000          33367439.48036496    
      25585937.50000000          33433855.66016132    
      25976562.50000000          33501037.78713831    
      26367187.50000000          33568986.75199047    
      26757812.50000000          33637691.59490794    
      27148437.50000000          33707141.82755742    
      27539062.50000000          33777327.11291178    
      27929687.50000000          33848237.61094149    
      28320312.50000000          33919864.10068003    
      28710937.50000000          33992229.54743171    
      29101562.50000000          34065261.19995549    
      29492187.50000000          34138942.99971835    
      29882812.50000000          34213343.81851934    
      30273437.50000000          34288419.97445428    
      30664062.50000000          34364163.45254763    
      31054687.50000000          34440566.21922544    
      31445312.50000000          34517620.45650369    
      31835937.50000000          34595319.07320604    
      32226562.50000000          34673655.17325134    
      32617187.50000000          34752621.59141606    
      33007812.50000000          34832210.94921211    
      33398437.50000000          34912435.81856208    
      33789062.50000000          34993214.25052303    
      34179687.50000000          35074625.68718846    
      34570312.50000000          35156633.58894676    
      34960937.50000000          35239231.59744959    
      35351562.50000000          35322426.92049300    
      35742187.50000000          35406160.10630123    
      36132812.50000000          35490483.68568620    
      36523437.50000000          35575372.23389608    
      36914062.50000000          35660820.21880988    
      37304687.50000000          35746817.85146832    
      37695312.50000000          35833364.01069312    
      38085937.50000000          35920448.51497346    
      38476562.50000000          36008067.56355596    
      38867187.50000000          36096221.32933575    
      39257812.50000000          36184900.51816902    
      39648437.50000000          36274098.44936900    
      40039062.50000000          36363813.64655256    
      40429687.50000000          36454040.53477815    
      40820312.50000000          36544773.67705362    
      41210937.50000000          36636009.21201672    
      41601562.50000000          36727746.52956689    
      41992187.50000000          36819977.12263159    
      42382812.50000000          36912692.30170804    
      42773437.50000000          37005901.69146352    
      43164062.50000000          37099591.90914738    
      43554687.50000000          37193762.21156568    
      43945312.50000000          37288406.27968872    
      44335937.50000000          37383519.16280845    
      44726562.50000000          37479105.09650203    
      45117187.50000000          37575158.40367062    
      45507812.50000000          37671670.03037941    
      45898437.50000000          37768645.93504193    
      46289062.50000000          37866082.92188525    
      46679687.50000000          37963967.87325981    
      47070312.50000000          38062311.45831931    
      47460937.50000000          38161106.28047507    
      47851562.50000000          38260373.86851743    
      48242187.50000000          38360075.06677818    
      48632812.50000000          38460177.22408303    
      49023437.50000000          38560747.28121547    
      49414062.50000000          38661776.12035153    
      49804687.50000000          38763231.89406446    
      50195312.50000000          38865173.57722263    
      50585937.50000000          38967498.74093868    
      50976562.50000000          39070295.22045347    
      51367187.50000000          39173483.24577438    
      51757812.50000000          39277136.89079425    
      52148437.50000000          39381231.63609768    
      52539062.50000000          39485789.58680542    
      52929687.50000000          39590753.36608479    
      53320312.50000000          39696101.62019122    
      53710937.50000000          39801996.61768770    
      54101562.50000000          39908337.50898577    
      54492187.50000000          40015005.41802986    
      54882812.50000000          40122157.64825940    
      55273437.50000000          40229755.90436908    
      55664062.50000000          40337774.06463477    
      56054687.50000000          40446183.89266462    
      56445312.50000000          40555039.31488474    
      56835937.50000000          40664483.39689105    
      57226562.50000000          40774235.01820172    
      57617187.50000000          40884392.63414809    
      58007812.50000000          40995193.28141774    
      58398437.50000000          41106314.66542532    
      58789062.50000000          41217790.90684684    
      59179687.50000000          41330022.03804388    
      59570312.50000000          41442527.02975871    
      59960937.50000000          41555461.85320574    
      60351562.50000000          41668884.25165351    
      60742187.50000000          41782731.34280676    
      61132812.50000000          41897017.07025979    
      61523437.50000000          42011955.26667590    
      61914062.50000000          42127246.48740514    
      62304687.50000000          42243088.69808415    
      62695312.50000000          42359468.81523301    
      63085937.50000000          42476328.49125241    
      63476562.50000000          42593555.59229377    
      63867187.50000000          42711276.18878502    
      64257812.50000000          42829500.42740744    
      64648437.50000000          42948299.49150269    
      65039062.50000000          43067544.69160452    
      65429687.50000000          43187357.77140081    
      65820312.50000000          43307779.48350828    
      66210937.50000000          43428689.51848866    
      66601562.50000000          43550142.50662518    
      66992187.50000000          43672284.81005083    
      67382812.50000000          43794823.43598320    
      67773437.50000000          43917829.48307879    
      68164062.50000000          44041526.17058089    
      68554687.50000000          44165806.44581205    
      68945312.50000000          44290678.80524253    
      69335937.50000000          44416151.96431523    
      69726562.50000000          44542289.94083332    
      70117187.50000000          44669042.81189352    
      70507812.50000000          44796316.07467528    
      70898437.50000000          44924242.40440029    
      71289062.50000000          45052849.92466141    
      71679687.50000000          45182134.20836078    
      72070312.50000000          45312115.28480419    
      72460937.50000000          45442799.96060467    
      72851562.50000000          45574182.79853994    
      73242187.50000000          45706304.07558067    
      73632812.50000000          45839128.13358849    
      74023437.50000000          45972657.96305551    
      74414062.50000000          46106973.90798917    
      74804687.50000000          46242049.36317831    
      75195312.50000000          46378027.29270196    
      75585937.50000000          46514659.92250969    
      75976562.50000000          46652284.79300216    
      76367187.50000000          46790813.87604285    
      76757812.50000000          46929988.95897564    
      77148437.50000000          47070016.32941622    
      77539062.50000000          47211208.97904565    
      77929687.50000000          47353141.95216964    
      78320312.50000000          47495970.12658378    
      78710937.50000000          47639951.94450072    
      79101562.50000000          47784891.72786439    
      79492187.50000000          47930895.03656342    
      79882812.50000000          48077778.69595291    
      80273437.50000000          48225881.83501788    
      80664062.50000000          48375047.42436303    
      81054687.50000000          48525347.47731973    
      81445312.50000000          48676752.60507994    
      81835937.50000000          48829455.68233327    
      82226562.50000000          48983313.40545471    
      82617187.50000000          49138533.96974792    
      83007812.50000000          49295163.23049493    
      83398437.50000000          49452879.07244076    
      83789062.50000000          49611886.82567052    
      84179687.50000000          49772521.46991152    
      84570312.50000000          49934576.34047537    
      84960937.50000000          50098023.83524815    
      85351562.50000000          50263126.91324737    
      85742187.50000000          50429874.72412639    
      86132812.50000000          50598268.82109985    
      86523437.50000000          50768253.13710874    
      86914062.50000000          50940025.79432491    
      87304687.50000000          51113646.71585333    
      87695312.50000000          51289016.57941149    
      88085937.50000000          51466400.15760196    
      88476562.50000000          51645857.13911582    
      88867187.50000000          51827315.84691262    
      89257812.50000000          52010887.50727963    
      89648437.50000000          52196632.85028698    
      90039062.50000000          52384748.27127704    
      90429687.50000000          52575015.51183709    
      90820312.50000000          52767928.10450523    
      91210937.50000000          52963425.88914043    
      91601562.50000000          53161461.00657699    
      91992187.50000000          53362166.72101830    
      92382812.50000000          53565631.47755436    
      92773437.50000000          53772114.82724570    
      93164062.50000000          53981524.80264917    
      93554687.50000000          54194128.53898434    
      93945312.50000000          54409952.67795460    
      94335937.50000000          54629136.56147180    
      94726562.50000000          54851660.66263817    
      95117187.50000000          55077903.81685157    
      95507812.50000000          55307961.57315809    
      95898437.50000000          55541917.93571493    
      96289062.50000000          55779854.06210631    
      96679687.50000000          56022098.38663533    
      97070312.50000000          56268568.51451786    
      97460937.50000000          56519476.07759169    
      97851562.50000000          56775345.25009809    
      98242187.50000000          57036057.58704393    
      98632812.50000000          57301498.72324285    
      99023437.50000000          57572654.78447950    
      99414062.50000000          57849315.61476073    
      99804687.50000000          58131385.78303915    
      100195312.5000000          58419420.07196021    
      100585937.5000000          58713512.18305349    
      100976562.5000000          59014719.61931487    
      101367187.5000000          59322147.08761646    
      101757812.5000000          59636509.88842165    
      102148437.5000000          59958023.35304327    
      102539062.5000000          60287225.06310106    
      102929687.5000000          60624297.89048569    
      103320312.5000000          60969513.50289255    
      103710937.5000000          61323001.23807988    
      104101562.5000000          61685808.52987602    
      104492187.5000000          62057457.77559865    
      104882812.5000000          62438996.31167078    
      105273437.5000000          62828933.78439388    
      105664062.5000000          63232145.99892415    
      106054687.5000000          63644221.81240543    
      106445312.5000000          64068402.12787274    
      106835937.5000000          64504329.52812784    
      107226562.5000000          64951941.12149285    
      107617187.5000000          65412718.49250754    
      108007812.5000000          65886884.04066505    
      108398437.5000000          66374503.70541415    
      108789062.5000000          66876438.98857076    
      109179687.5000000          67393620.50317554    
      109570312.5000000          67923423.34958573    
      109960937.5000000          68474242.78229216    
      110351562.5000000          69038191.12781033    
      110742187.5000000          69620987.74203888    
      111132812.5000000          70220836.39294516    
      111523437.5000000          70837466.85782798    
      111914062.5000000          71474992.98864463    
      112304687.5000000          72130926.97455782    
      112695312.5000000          72806248.91620684    
      113085937.5000000          73501898.27599211    
      113476562.5000000          74216371.65196998    
      113867187.5000000          74954274.64709540    
      114257812.5000000          75711762.10116041    
      114648437.5000000          76491623.77745485    
      115039062.5000000          77290685.61903444    
      115429687.5000000          78114274.70608184    
      115820312.5000000          78961036.40210162    
      116210937.5000000          79825362.90347539    
      116601562.5000000          80717340.78315656    
      116992187.5000000          81630195.75187705    
      117382812.5000000          82565907.82819305    
      117773437.5000000          83523411.15699713    
      118164062.5000000          84505198.78077877    
      118554687.5000000          85509908.00777023    
      118945312.5000000          86535733.05492617    
      119335937.5000000          87586961.65571694    
      119726562.5000000          88657346.45574711    
      120117187.5000000          89751248.89874497    
      120507812.5000000          90867383.24345952    
      120898437.5000000          92004956.43402340    
      121289062.5000000          93166470.29928334    
      121679687.5000000          94358852.41333395    
      122070312.5000000          95593856.24202104    
      122460937.5000000          96879351.04619777    
      122851562.5000000          98204728.14812435    
      123242187.5000000          99569194.78072578    
      123632812.5000000          100968276.1650110    
      124023437.5000000          102398479.2177829    
      124414062.5000000          103856635.1428081    
      124804687.5000000          105342298.7145176    
      125195312.5000000          106854417.7079659    
      125585937.5000000          108392166.8819345    
      125976562.5000000          109956705.3802220    
      126367187.5000000          111549617.1190722    
      126757812.5000000          113172197.6708065    
      127148437.5000000          114828070.7933341    
      127539062.5000000          116518676.8885352    
      127929687.5000000          118248703.8001893    
      128320312.5000000          120022341.4045462    
      128710937.5000000          121843007.9689335    
      129101562.5000000          123713701.3529915    
      129492187.5000000          125645692.6212832    
      129882812.5000000          127636717.5487082    
      130273437.5000000          129700048.3769108    
      130664062.5000000          131841465.0173175    
      131054687.5000000          134071296.5696920    
      131445312.5000000          136388073.7612597    
      131835937.5000000          138812724.1169444    
      132226562.5000000          141351772.1544682    
      132617187.5000000          144016592.4243401    
      133007812.5000000          146817024.5029467    
      133398437.5000000          149767540.4971801    
      133789062.5000000          152883778.0163951    
      134179687.5000000          156180466.9799685    
      134570312.5000000          159672927.5713919    
      134960937.5000000          163377398.1701859    
      135351562.5000000          167312332.5382175    
      135742187.5000000          171496437.7946210    
      136132812.5000000          175946511.5236836    
      136523437.5000000          180683201.6457123    
      136914062.5000000          185727935.3595352    
      137304687.5000000          191080634.4730960    
      137695312.5000000          196775938.0223977    
      138085937.5000000          202820686.1542393    
      138476562.5000000          209189501.5579520    
      138867187.5000000          215961743.8546772    
      139257812.5000000          223107442.8257186    
      139648437.5000000          230634763.4325237    
      140039062.5000000          238533579.5655187    
      140429687.5000000          246818009.4738001    
      140820312.5000000          255484770.7967426    
      141210937.5000000          264511153.0098936    
      141601562.5000000          273923969.0658678    
      141992187.5000000          283652587.3263549    
      142382812.5000000          293721271.3887789    
      142773437.5000000          304105108.0299426    
      143164062.5000000          314833048.3910276    
      143554687.5000000          325947600.1868316    
      143945312.5000000          337557342.6728380    
      144335937.5000000          349762417.5591357    
      144726562.5000000          362781997.4027397    
      145117187.5000000          111486731.3539995    
      145507812.5000000          13471397273.93372    
      145898437.5000000          13471397273.93372    
      146289062.5000000          13471397273.93372    
      146679687.5000000          13471397273.93372    
      147070312.5000000          13471397273.93372    
      147460937.5000000          13471397273.93372    
      147851562.5000000          13471397273.93372    
      148242187.5000000          13471397273.93372    
      148632812.5000000          13471397273.93372    
      149023437.5000000          13471397273.93372    
      149414062.5000000          13471397273.93372    
      149804687.5000000          13471397273.93372    
      150195312.5000000          13471397273.93372    
      150585937.5000000          13471397273.93372    
      150976562.5000000          13471397273.93372    
      151367187.5000000          13471397273.93372    
      151757812.5000000          13471397273.93372    
      152148437.5000000          13471397273.93372    
      152539062.5000000          13471397273.93372    
      152929687.5000000          13471397273.93372    
      153320312.5000000          13471397273.93372    
      153710937.5000000          13471397273.93372    
      154101562.5000000          13471397273.93372    
      154492187.5000000          13471397273.93372    
      154882812.5000000          13471397273.93372    
      155273437.5000000          13471397273.93372    
      155664062.5000000          13471397273.93372    
      156054687.5000000          13471397273.93372    
      156445312.5000000          13471397273.93372    
      156835937.5000000          13471397273.93372    
      157226562.5000000          13471397273.93372    
      157617187.5000000          13471397273.93372    
      158007812.5000000          13471397273.93372    
      158398437.5000000          13471397273.93372    
      158789062.5000000          13471397273.93372    
      159179687.5000000          13471397273.93372    
      159570312.5000000          13471397273.93372    
      159960937.5000000          13471397273.93372    
      160351562.5000000          13471397273.93372    
      160742187.5000000          13471397273.93372    
      161132812.5000000          13471397273.93372    
      161523437.5000000          13471397273.93372    
      161914062.5000000          13471397273.93372    
      162304687.5000000          13471397273.93372    
      162695312.5000000          13471397273.93372    
      163085937.5000000          13471397273.93372    
      163476562.5000000          13471397273.93372    
      163867187.5000000          13471397273.93372    
      164257812.5000000          13471397273.93372    
      164648437.5000000          13471397273.93372    
      165039062.5000000          13471397273.93372    
      165429687.5000000          13471397273.93372    
      165820312.5000000          13471397273.93372    
      166210937.5000000          13471397273.93372    
      166601562.5000000          13471397273.93372    
      166992187.5000000          13471397273.93372    
      167382812.5000000          13471397273.93372    
      167773437.5000000          13471397273.93372    
      168164062.5000000          13471397273.93372    
      168554687.5000000          13471397273.93372    
      168945312.5000000          13471397273.93372    
      169335937.5000000          13471397273.93372    
      169726562.5000000          13471397273.93372    
      170117187.5000000          13471397273.93372    
      170507812.5000000          13471397273.93372    
      170898437.5000000          13471397273.93372    
      171289062.5000000          13471397273.93372    
      171679687.5000000          13471397273.93372    
      172070312.5000000          13471397273.93372    
      172460937.5000000          13471397273.93372    
      172851562.5000000          13471397273.93372    
      173242187.5000000          13471397273.93372    
      173632812.5000000          13471397273.93372    
      174023437.5000000          13471397273.93372    
      174414062.5000000          13471397273.93372    
      174804687.5000000          13471397273.93372    
      175195312.5000000          13471397273.93372    
      175585937.5000000          13471397273.93372    
      175976562.5000000          13471397273.93372    
      176367187.5000000          13471397273.93372    
      176757812.5000000          13471397273.93372    
      177148437.5000000          13471397273.93372    
      177539062.5000000          13471397273.93372    
      177929687.5000000          13471397273.93372    
      178320312.5000000          13471397273.93372    
      178710937.5000000          13471397273.93372    
      179101562.5000000          13471397273.93372    
      179492187.5000000          13471397273.93372    
      179882812.5000000          13471397273.93372    
      180273437.5000000          13471397273.93372    
      180664062.5000000          13471397273.93372    
      181054687.5000000          13471397273.93372    
      181445312.5000000          13471397273.93372    
      181835937.5000000          13471397273.93372    
      182226562.5000000          13471397273.93372    
      182617187.5000000          13471397273.93372    
      183007812.5000000          13471397273.93372    
      183398437.5000000          13471397273.93372    
      183789062.5000000          13471397273.93372    
      184179687.5000000          13471397273.93372    
      184570312.5000000          13471397273.93372    
      184960937.5000000          13471397273.93372    
      185351562.5000000          13471397273.93372    
      185742187.5000000          13471397273.93372    
      186132812.5000000          13471397273.93372    
      186523437.5000000          13471397273.93372    
      186914062.5000000          13471397273.93372    
      187304687.5000000          13471397273.93372    
      187695312.5000000          13471397273.93372    
      188085937.5000000          13471397273.93372    
      188476562.5000000          13471397273.93372    
      188867187.5000000          13471397273.93372    
      189257812.5000000          13471397273.93372    
      189648437.5000000          13471397273.93372    
      190039062.5000000          13471397273.93372    
      190429687.5000000          13471397273.93372    
      190820312.5000000          13471397273.93372    
      191210937.5000000          13471397273.93372    
      191601562.5000000          13471397273.93372    
      191992187.5000000          13471397273.93372    
      192382812.5000000          13471397273.93372    
      192773437.5000000          13471397273.93372    
      193164062.5000000          13471397273.93372    
      193554687.5000000          13471397273.93372    
      193945312.5000000          13471397273.93372    
      194335937.5000000          13471397273.93372    
      194726562.5000000          13471397273.93372    
      195117187.5000000          13471397273.93372    
      195507812.5000000          13471397273.93372    
      195898437.5000000          13471397273.93372    
      196289062.5000000          13471397273.93372    
      196679687.5000000          13471397273.93372    
      197070312.5000000          13471397273.93372    
      197460937.5000000          13471397273.93372    
      197851562.5000000          13471397273.93372    
      198242187.5000000          13471397273.93372    
      198632812.5000000          13471397273.93372    
      199023437.5000000          13471397273.93372    
      199414062.5000000          13471397273.93372    
      199804687.5000000          13471397273.93372    
      200195312.5000000          13471397273.93372    
      200585937.5000000          13471397273.93372    
      200976562.5000000          13471397273.93372    
      201367187.5000000          13471397273.93372    
      201757812.5000000          13471397273.93372    
      202148437.5000000          13471397273.93372    
      202539062.5000000          13471397273.93372    
      202929687.5000000          13471397273.93372    
      203320312.5000000          13471397273.93372    
      203710937.5000000          13471397273.93372    
      204101562.5000000          13471397273.93372    
      204492187.5000000          13471397273.93372    
      204882812.5000000          13471397273.93372    
      205273437.5000000          13471397273.93372    
      205664062.5000000          13471397273.93372    
      206054687.5000000          13471397273.93372    
      206445312.5000000          13471397273.93372    
      206835937.5000000          13471397273.93372    
      207226562.5000000          13471397273.93372    
      207617187.5000000          13471397273.93372    
      208007812.5000000          13471397273.93372    
      208398437.5000000          13471397273.93372    
      208789062.5000000          13471397273.93372    
      209179687.5000000          13471397273.93372    
      209570312.5000000          13471397273.93372    
      209960937.5000000          13471397273.93372    
      210351562.5000000          13471397273.93372    
      210742187.5000000          13471397273.93372    
      211132812.5000000          13471397273.93372    
      211523437.5000000          13471397273.93372    
      211914062.5000000          13471397273.93372    
      212304687.5000000          13471397273.93372    
      212695312.5000000          13471397273.93372    
      213085937.5000000          13471397273.93372    
      213476562.5000000          13471397273.93372    
      213867187.5000000          13471397273.93372    
      214257812.5000000          13471397273.93372    
      214648437.5000000          13471397273.93372    
      215039062.5000000          13471397273.93372    
      215429687.5000000          13471397273.93372    
      215820312.5000000          13471397273.93372    
      216210937.5000000          13471397273.93372    
      216601562.5000000          13471397273.93372    
      216992187.5000000          13471397273.93372    
      217382812.5000000          13471397273.93372    
      217773437.5000000          13471397273.93372    
      218164062.5000000          13471397273.93372    
      218554687.5000000          13471397273.93372    
      218945312.5000000          13471397273.93372    
      219335937.5000000          13471397273.93372    
      219726562.5000000          13471397273.93372    
      220117187.5000000          13471397273.93372    
      220507812.5000000          13471397273.93372    
      220898437.5000000          13471397273.93372    
      221289062.5000000          13471397273.93372    
      221679687.5000000          13471397273.93372    
      222070312.5000000          13471397273.93372    
      222460937.5000000          13471397273.93372    
      222851562.5000000          13471397273.93372    
      223242187.5000000          13471397273.93372    
      223632812.5000000          13471397273.93372    
      224023437.5000000          13471397273.93372    
      224414062.5000000          13471397273.93372    
      224804687.5000000          13471397273.93372    
      225195312.5000000          13471397273.93372    
      225585937.5000000          13471397273.93372    
      225976562.5000000          13471397273.93372    
      226367187.5000000          13471397273.93372    
      226757812.5000000          13471397273.93372    
      227148437.5000000          13471397273.93372    
      227539062.5000000          13471397273.93372    
      227929687.5000000          13471397273.93372    
      228320312.5000000          13471397273.93372    
      228710937.5000000          13471397273.93372    
      229101562.5000000          13471397273.93372    
      229492187.5000000          13471397273.93372    
      229882812.5000000          13471397273.93372    
      230273437.5000000          13471397273.93372    
      230664062.5000000          13471397273.93372    
      231054687.5000000          13471397273.93372    
      231445312.5000000          13471397273.93372    
      231835937.5000000          13471397273.93372    
      232226562.5000000          13471397273.93372    
      232617187.5000000          13471397273.93372    
      233007812.5000000          13471397273.93372    
      233398437.5000000          13471397273.93372    
      233789062.5000000          13471397273.93372    
      234179687.5000000          13471397273.93372    
      234570312.5000000          13471397273.93372    
      234960937.5000000          13471397273.93372    
      235351562.5000000          13471397273.93372    
      235742187.5000000          13471397273.93372    
      236132812.5000000          13471397273.93372    
      236523437.5000000          13471397273.93372    
      236914062.5000000          13471397273.93372    
      237304687.5000000          13471397273.93372    
      237695312.5000000          13471397273.93372    
      238085937.5000000          13471397273.93372    
      238476562.5000000          13471397273.93372    
      238867187.5000000          13471397273.93372    
      239257812.5000000          13471397273.93372    
      239648437.5000000          13471397273.93372    
      240039062.5000000          13471397273.93372    
      240429687.5000000          13471397273.93372    
      240820312.5000000          13471397273.93372    
      241210937.5000000          13471397273.93372    
      241601562.5000000          13471397273.93372    
      241992187.5000000          13471397273.93372    
      242382812.5000000          13471397273.93372    
      242773437.5000000          13471397273.93372    
      243164062.5000000          13471397273.93372    
      243554687.5000000          13471397273.93372    
      243945312.5000000          13471397273.93372    
      244335937.5000000          13471397273.93372    
      244726562.5000000          13471397273.93372    
      245117187.5000000          13471397273.93372    
      245507812.5000000          13471397273.93372    
      245898437.5000000          13471397273.93372    
      246289062.5000000          13471397273.93372    
      246679687.5000000          13471397273.93372    
      247070312.5000000          13471397273.93372    
      247460937.5000000          13471397273.93372    
      247851562.5000000          13471397273.93372    
      248242187.5000000          13471397273.93372    
      248632812.5000000          13471397273.93372    
      249023437.5000000          13471397273.93372    
      249414062.5000000          13471397273.93372    
      249804687.5000000          13471397273.93372    
      250195312.5000000          13471397273.93372    
      250585937.5000000          13471397273.93372    
      250976562.5000000          13471397273.93372    
      251367187.5000000          13471397273.93372    
      251757812.5000000          13471397273.93372    
      252148437.5000000          13471397273.93372    
      252539062.5000000          13471397273.93372    
      252929687.5000000          13471397273.93372    
      253320312.5000000          13471397273.93372    
      253710937.5000000          13471397273.93372    
      254101562.5000000          13471397273.93372    
      254492187.5000000          13471397273.93372    
      254882812.5000000          13471397273.93372    
      255273437.5000000          13471397273.93372    
      255664062.5000000          13471397273.93372    
      256054687.5000000          13471397273.93372    
      256445312.5000000          13471397273.93372    
      256835937.5000000          13471397273.93372    
      257226562.5000000          13471397273.93372    
      257617187.5000000          13471397273.93372    
      258007812.5000000          13471397273.93372    
      258398437.5000000          13471397273.93372    
      258789062.5000000          13471397273.93372    
      259179687.5000000          13471397273.93372    
      259570312.5000000          13471397273.93372    
      259960937.5000000          13471397273.93372    
      260351562.5000000          13471397273.93372    
      260742187.5000000          13471397273.93372    
      261132812.5000000          13471397273.93372    
      261523437.5000000          13471397273.93372    
      261914062.5000000          13471397273.93372    
      262304687.5000000          13471397273.93372    
      262695312.5000000          13471397273.93372    
      263085937.5000000          13471397273.93372    
      263476562.5000000          13471397273.93372    
      263867187.5000000          13471397273.93372    
      264257812.5000000          13471397273.93372    
      264648437.5000000          13471397273.93372    
      265039062.5000000          13471397273.93372    
      265429687.5000000          13471397273.93372    
      265820312.5000000          13471397273.93372    
      266210937.5000000          13471397273.93372    
      266601562.5000000          13471397273.93372    
      266992187.5000000          13471397273.93372    
      267382812.5000000          13471397273.93372    
      267773437.5000000          13471397273.93372    
      268164062.5000000          13471397273.93372    
      268554687.5000000          13471397273.93372    
      268945312.5000000          13471397273.93372    
      269335937.5000000          13471397273.93372    
      269726562.5000000          13471397273.93372    
      270117187.5000000          13471397273.93372    
      270507812.5000000          13471397273.93372    
      270898437.5000000          13471397273.93372    
      271289062.5000000          13471397273.93372    
      271679687.5000000          13471397273.93372    
      272070312.5000000          13471397273.93372    
      272460937.5000000          13471397273.93372    
      272851562.5000000          13471397273.93372    
      273242187.5000000          13471397273.93372    
      273632812.5000000          13471397273.93372    
      274023437.5000000          13471397273.93372    
      274414062.5000000          13471397273.93372    
      274804687.5000000          13471397273.93372    
      275195312.5000000          13471397273.93372    
      275585937.5000000          13471397273.93372    
      275976562.5000000          13471397273.93372    
      276367187.5000000          13471397273.93372    
      276757812.5000000          13471397273.93372    
      277148437.5000000          13471397273.93372    
      277539062.5000000          13471397273.93372    
      277929687.5000000          13471397273.93372    
      278320312.5000000          13471397273.93372    
      278710937.5000000          13471397273.93372    
      279101562.5000000          13471397273.93372    
      279492187.5000000          13471397273.93372    
      279882812.5000000          13471397273.93372    
      280273437.5000000          13471397273.93372    
      280664062.5000000          13471397273.93372    
      281054687.5000000          13471397273.93372    
      281445312.5000000          13471397273.93372    
      281835937.5000000          13471397273.93372    
      282226562.5000000          13471397273.93372    
      282617187.5000000          13471397273.93372    
      283007812.5000000          13471397273.93372    
      283398437.5000000          13471397273.93372    
      283789062.5000000          13471397273.93372    
      284179687.5000000          13471397273.93372    
      284570312.5000000          13471397273.93372    
      284960937.5000000          13471397273.93372    
      285351562.5000000          13471397273.93372    
      285742187.5000000          13471397273.93372    
      286132812.5000000          13471397273.93372    
      286523437.5000000          13471397273.93372    
      286914062.5000000          13471397273.93372    
      287304687.5000000          13471397273.93372    
      287695312.5000000          13471397273.93372    
      288085937.5000000          13471397273.93372    
      288476562.5000000          13471397273.93372    
      288867187.5000000          13471397273.93372    
      289257812.5000000          13471397273.93372    
      289648437.5000000          13471397273.93372    
      290039062.5000000          13471397273.93372    
      290429687.5000000          13471397273.93372    
      290820312.5000000          13471397273.93372    
      291210937.5000000          13471397273.93372    
      291601562.5000000          13471397273.93372    
      291992187.5000000          13471397273.93372    
      292382812.5000000          13471397273.93372    
      292773437.5000000          13471397273.93372    
      293164062.5000000          13471397273.93372    
      293554687.5000000          13471397273.93372    
      293945312.5000000          13471397273.93372    
      294335937.5000000          13471397273.93372    
      294726562.5000000          13471397273.93372    
      295117187.5000000          13471397273.93372    
      295507812.5000000          13471397273.93372    
      295898437.5000000          13471397273.93372    
      296289062.5000000          13471397273.93372    
      296679687.5000000          13471397273.93372    
      297070312.5000000          13471397273.93372    
      297460937.5000000          13471397273.93372    
      297851562.5000000          13471397273.93372    
      298242187.5000000          13471397273.93372    
      298632812.5000000          13471397273.93372    
      299023437.5000000          13471397273.93372    
      299414062.5000000          13471397273.93372    
      299804687.5000000          13471397273.93372    
      300195312.5000000          13471397273.93372    
      300585937.5000000          13471397273.93372    
      300976562.5000000          13471397273.93372    
      301367187.5000000          13471397273.93372    
      301757812.5000000          13471397273.93372    
      302148437.5000000          13471397273.93372    
      302539062.5000000          13471397273.93372    
      302929687.5000000          13471397273.93372    
      303320312.5000000          13471397273.93372    
      303710937.5000000          13471397273.93372    
      304101562.5000000          13471397273.93372    
      304492187.5000000          13471397273.93372    
      304882812.5000000          13471397273.93372    
      305273437.5000000          13471397273.93372    
      305664062.5000000          13471397273.93372    
      306054687.5000000          13471397273.93372    
      306445312.5000000          13471397273.93372    
      306835937.5000000          13471397273.93372    
      307226562.5000000          13471397273.93372    
      307617187.5000000          13471397273.93372    
      308007812.5000000          13471397273.93372    
      308398437.5000000          13471397273.93372    
      308789062.5000000          13471397273.93372    
      309179687.5000000          13471397273.93372    
      309570312.5000000          13471397273.93372    
      309960937.5000000          13471397273.93372    
      310351562.5000000          13471397273.93372    
      310742187.5000000          13471397273.93372    
      311132812.5000000          13471397273.93372    
      311523437.5000000          13471397273.93372    
      311914062.5000000          13471397273.93372    
      312304687.5000000          13471397273.93372    
      312695312.5000000          13471397273.93372    
      313085937.5000000          13471397273.93372    
      313476562.5000000          13471397273.93372    
      313867187.5000000          13471397273.93372    
      314257812.5000000          13471397273.93372    
      314648437.5000000          13471397273.93372    
      315039062.5000000          13471397273.93372    
      315429687.5000000          13471397273.93372    
      315820312.5000000          13471397273.93372    
      316210937.5000000          13471397273.93372    
      316601562.5000000          13471397273.93372    
      316992187.5000000          13471397273.93372    
      317382812.5000000          13471397273.93372    
      317773437.5000000          13471397273.93372    
      318164062.5000000          13471397273.93372    
      318554687.5000000          13471397273.93372    
      318945312.5000000          13471397273.93372    
      319335937.5000000          13471397273.93372    
      319726562.5000000          13471397273.93372    
      320117187.5000000          13471397273.93372    
      320507812.5000000          13471397273.93372    
      320898437.5000000          13471397273.93372    
      321289062.5000000          13471397273.93372    
      321679687.5000000          13471397273.93372    
      322070312.5000000          13471397273.93372    
      322460937.5000000          13471397273.93372    
      322851562.5000000          13471397273.93372    
      323242187.5000000          13471397273.93372    
      323632812.5000000          13471397273.93372    
      324023437.5000000          13471397273.93372    
      324414062.5000000          13471397273.93372    
      324804687.5000000          13471397273.93372    
      325195312.5000000          13471397273.93372    
      325585937.5000000          13471397273.93372    
      325976562.5000000          13471397273.93372    
      326367187.5000000          13471397273.93372    
      326757812.5000000          13471397273.93372    
      327148437.5000000          13471397273.93372    
      327539062.5000000          13471397273.93372    
      327929687.5000000          13471397273.93372    
      328320312.5000000          13471397273.93372    
      328710937.5000000          13471397273.93372    
      329101562.5000000          13471397273.93372    
      329492187.5000000          13471397273.93372    
      329882812.5000000          13471397273.93372    
      330273437.5000000          13471397273.93372    
      330664062.5000000          13471397273.93372    
      331054687.5000000          13471397273.93372    
      331445312.5000000          13471397273.93372    
      331835937.5000000          13471397273.93372    
      332226562.5000000          13471397273.93372    
      332617187.5000000          13471397273.93372    
      333007812.5000000          13471397273.93372    
      333398437.5000000          13471397273.93372    
      333789062.5000000          13471397273.93372    
      334179687.5000000          13471397273.93372    
      334570312.5000000          13471397273.93372    
      334960937.5000000          13471397273.93372    
      335351562.5000000          13471397273.93372    
      335742187.5000000          13471397273.93372    
      336132812.5000000          13471397273.93372    
      336523437.5000000          13471397273.93372    
      336914062.5000000          13471397273.93372    
      337304687.5000000          13471397273.93372    
      337695312.5000000          13471397273.93372    
      338085937.5000000          13471397273.93372    
      338476562.5000000          13471397273.93372    
      338867187.5000000          13471397273.93372    
      339257812.5000000          13471397273.93372    
      339648437.5000000          13471397273.93372    
      340039062.5000000          13471397273.93372    
      340429687.5000000          13471397273.93372    
      340820312.5000000          13471397273.93372    
      341210937.5000000          13471397273.93372    
      341601562.5000000          13471397273.93372    
      341992187.5000000          13471397273.93372    
      342382812.5000000          13471397273.93372    
      342773437.5000000          13471397273.93372    
      343164062.5000000          13471397273.93372    
      343554687.5000000          13471397273.93372    
      343945312.5000000          13471397273.93372    
      344335937.5000000          13471397273.93372    
      344726562.5000000          13471397273.93372    
      345117187.5000000          13471397273.93372    
      345507812.5000000          13471397273.93372    
      345898437.5000000          13471397273.93372    
      346289062.5000000          13471397273.93372    
      346679687.5000000          13471397273.93372    
      347070312.5000000          13471397273.93372    
      347460937.5000000          13471397273.93372    
      347851562.5000000          13471397273.93372    
      348242187.5000000          13471397273.93372    
      348632812.5000000          13471397273.93372    
      349023437.5000000          13471397273.93372    
      349414062.5000000          13471397273.93372    
      349804687.5000000          13471397273.93372    
      350195312.5000000          13471397273.93372    
      350585937.5000000          13471397273.93372    
      350976562.5000000          13471397273.93372    
      351367187.5000000          13471397273.93372    
      351757812.5000000          13471397273.93372    
      352148437.5000000          13471397273.93372    
      352539062.5000000          13471397273.93372    
      352929687.5000000          13471397273.93372    
      353320312.5000000          13471397273.93372    
      353710937.5000000          13471397273.93372    
      354101562.5000000          13471397273.93372    
      354492187.5000000          13471397273.93372    
      354882812.5000000          13471397273.93372    
      355273437.5000000          13471397273.93372    
      355664062.5000000          13471397273.93372    
      356054687.5000000          13471397273.93372    
      356445312.5000000          13471397273.93372    
      356835937.5000000          13471397273.93372    
      357226562.5000000          13471397273.93372    
      357617187.5000000          13471397273.93372    
      358007812.5000000          13471397273.93372    
      358398437.5000000          13471397273.93372    
      358789062.5000000          13471397273.93372    
      359179687.5000000          13471397273.93372    
      359570312.5000000          13471397273.93372    
      359960937.5000000          13471397273.93372    
      360351562.5000000          13471397273.93372    
      360742187.5000000          13471397273.93372    
      361132812.5000000          13471397273.93372    
      361523437.5000000          13471397273.93372    
      361914062.5000000          13471397273.93372    
      362304687.5000000          13471397273.93372    
      362695312.5000000          13471397273.93372    
      363085937.5000000          13471397273.93372    
      363476562.5000000          13471397273.93372    
      363867187.5000000          13471397273.93372    
      364257812.5000000          13471397273.93372    
      364648437.5000000          13471397273.93372    
      365039062.5000000          13471397273.93372    
      365429687.5000000          13471397273.93372    
      365820312.5000000          13471397273.93372    
      366210937.5000000          13471397273.93372    
      366601562.5000000          13471397273.93372    
      366992187.5000000          13471397273.93372    
      367382812.5000000          13471397273.93372    
      367773437.5000000          13471397273.93372    
      368164062.5000000          13471397273.93372    
      368554687.5000000          13471397273.93372    
      368945312.5000000          13471397273.93372    
      369335937.5000000          13471397273.93372    
      369726562.5000000          13471397273.93372    
      370117187.5000000          13471397273.93372    
      370507812.5000000          13471397273.93372    
      370898437.5000000          13471397273.93372    
      371289062.5000000          13471397273.93372    
      371679687.5000000          13471397273.93372    
      372070312.5000000          13471397273.93372    
      372460937.5000000          13471397273.93372    
      372851562.5000000          13471397273.93372    
      373242187.5000000          13471397273.93372    
      373632812.5000000          13471397273.93372    
      374023437.5000000          13471397273.93372    
      374414062.5000000          13471397273.93372    
      374804687.5000000          13471397273.93372    
      375195312.5000000          13471397273.93372    
      375585937.5000000          13471397273.93372    
      375976562.5000000          13471397273.93372    
      376367187.5000000          13471397273.93372    
      376757812.5000000          13471397273.93372    
      377148437.5000000          13471397273.93372    
      377539062.5000000          13471397273.93372    
      377929687.5000000          13471397273.93372    
      378320312.5000000          13471397273.93372    
      378710937.5000000          13471397273.93372    
      379101562.5000000          13471397273.93372    
      379492187.5000000          13471397273.93372    
      379882812.5000000          13471397273.93372    
      380273437.5000000          13471397273.93372    
      380664062.5000000          13471397273.93372    
      381054687.5000000          13471397273.93372    
      381445312.5000000          13471397273.93372    
      381835937.5000000          13471397273.93372    
      382226562.5000000          13471397273.93372    
      382617187.5000000          13471397273.93372    
      383007812.5000000          13471397273.93372    
      383398437.5000000          13471397273.93372    
      383789062.5000000          13471397273.93372    
      384179687.5000000          13471397273.93372    
      384570312.5000000          13471397273.93372    
      384960937.5000000          13471397273.93372    
      385351562.5000000          13471397273.93372    
      385742187.5000000          13471397273.93372    
      386132812.5000000          13471397273.93372    
      386523437.5000000          13471397273.93372    
      386914062.5000000          13471397273.93372    
      387304687.5000000          13471397273.93372    
      387695312.5000000          13471397273.93372    
      388085937.5000000          13471397273.93372    
      388476562.5000000          13471397273.93372    
      388867187.5000000          13471397273.93372    
      389257812.5000000          13471397273.93372    
      389648437.5000000          13471397273.93372    
      390039062.5000000          13471397273.93372    
      390429687.5000000          13471397273.93372    
      390820312.5000000          13471397273.93372    
      391210937.5000000          13471397273.93372    
      391601562.5000000          13471397273.93372    
      391992187.5000000          13471397273.93372    
      392382812.5000000          13471397273.93372    
      392773437.5000000          13471397273.93372    
      393164062.5000000          13471397273.93372    
      393554687.5000000          13471397273.93372    
      393945312.5000000          13471397273.93372    
      394335937.5000000          13471397273.93372    
      394726562.5000000          13471397273.93372    
      395117187.5000000          13471397273.93372    
      395507812.5000000          13471397273.93372    
      395898437.5000000          13471397273.93372    
      396289062.5000000          13471397273.93372    
      396679687.5000000          13471397273.93372    
      397070312.5000000          13471397273.93372    
      397460937.5000000          13471397273.93372    
      397851562.5000000          13471397273.93372    
      398242187.5000000          13471397273.93372    
      398632812.5000000          13471397273.93372    
      399023437.5000000          13471397273.93372    
      399414062.5000000          13471397273.93372    
      399804687.5000000          13471397273.93372    
      400195312.5000000          13471397273.93372    
      400585937.5000000          13471397273.93372    
      400976562.5000000          13471397273.93372    
      401367187.5000000          13471397273.93372    
      401757812.5000000          13471397273.93372    
      402148437.5000000          13471397273.93372    
      402539062.5000000          13471397273.93372    
      402929687.5000000          13471397273.93372    
      403320312.5000000          13471397273.93372    
      403710937.5000000          13471397273.93372    
      404101562.5000000          13471397273.93372    
      404492187.5000000          13471397273.93372    
      404882812.5000000          13471397273.93372    
      405273437.5000000          13471397273.93372    
      405664062.5000000          13471397273.93372    
      406054687.5000000          13471397273.93372    
      406445312.5000000          13471397273.93372    
      406835937.5000000          13471397273.93372    
      407226562.5000000          13471397273.93372    
      407617187.5000000          13471397273.93372    
      408007812.5000000          13471397273.93372    
      408398437.5000000          13471397273.93372    
      408789062.5000000          13471397273.93372    
      409179687.5000000          13471397273.93372    
      409570312.5000000          13471397273.93372    
      409960937.5000000          13471397273.93372    
      410351562.5000000          13471397273.93372    
      410742187.5000000          13471397273.93372    
      411132812.5000000          13471397273.93372    
      411523437.5000000          13471397273.93372    
      411914062.5000000          13471397273.93372    
      412304687.5000000          13471397273.93372    
      412695312.5000000          13471397273.93372    
      413085937.5000000          13471397273.93372    
      413476562.5000000          13471397273.93372    
      413867187.5000000          13471397273.93372    
      414257812.5000000          13471397273.93372    
      414648437.5000000          13471397273.93372    
      415039062.5000000          13471397273.93372    
      415429687.5000000          13471397273.93372    
      415820312.5000000          13471397273.93372    
      416210937.5000000          13471397273.93372    
      416601562.5000000          13471397273.93372    
      416992187.5000000          13471397273.93372    
      417382812.5000000          13471397273.93372    
      417773437.5000000          13471397273.93372    
      418164062.5000000          13471397273.93372    
      418554687.5000000          13471397273.93372    
      418945312.5000000          13471397273.93372    
      419335937.5000000          13471397273.93372    
      419726562.5000000          13471397273.93372    
      420117187.5000000          13471397273.93372    
      420507812.5000000          13471397273.93372    
      420898437.5000000          13471397273.93372    
      421289062.5000000          13471397273.93372    
      421679687.5000000          13471397273.93372    
      422070312.5000000          13471397273.93372    
      422460937.5000000          13471397273.93372    
      422851562.5000000          13471397273.93372    
      423242187.5000000          13471397273.93372    
      423632812.5000000          13471397273.93372    
      424023437.5000000          13471397273.93372    
      424414062.5000000          13471397273.93372    
      424804687.5000000          13471397273.93372    
      425195312.5000000          13471397273.93372    
      425585937.5000000          13471397273.93372    
      425976562.5000000          13471397273.93372    
      426367187.5000000          13471397273.93372    
      426757812.5000000          13471397273.93372    
      427148437.5000000          13471397273.93372    
      427539062.5000000          13471397273.93372    
      427929687.5000000          13471397273.93372    
      428320312.5000000          13471397273.93372    
      428710937.5000000          13471397273.93372    
      429101562.5000000          13471397273.93372    
      429492187.5000000          13471397273.93372    
      429882812.5000000          13471397273.93372    
      430273437.5000000          13471397273.93372    
      430664062.5000000          13471397273.93372    
      431054687.5000000          13471397273.93372    
      431445312.5000000          13471397273.93372    
      431835937.5000000          13471397273.93372    
      432226562.5000000          13471397273.93372    
      432617187.5000000          13471397273.93372    
      433007812.5000000          13471397273.93372    
      433398437.5000000          13471397273.93372    
      433789062.5000000          13471397273.93372    
      434179687.5000000          13471397273.93372    
      434570312.5000000          13471397273.93372    
      434960937.5000000          13471397273.93372    
      435351562.5000000          13471397273.93372    
      435742187.5000000          13471397273.93372    
      436132812.5000000          13471397273.93372    
      436523437.5000000          13471397273.93372    
      436914062.5000000          13471397273.93372    
      437304687.5000000          13471397273.93372    
      437695312.5000000          13471397273.93372    
      438085937.5000000          13471397273.93372    
      438476562.5000000          13471397273.93372    
      438867187.5000000          13471397273.93372    
      439257812.5000000          13471397273.93372    
      439648437.5000000          13471397273.93372    
      440039062.5000000          13471397273.93372    
      440429687.5000000          13471397273.93372    
      440820312.5000000          13471397273.93372    
      441210937.5000000          13471397273.93372    
      441601562.5000000          13471397273.93372    
      441992187.5000000          13471397273.93372    
      442382812.5000000          13471397273.93372    
      442773437.5000000          13471397273.93372    
      443164062.5000000          13471397273.93372    
      443554687.5000000          13471397273.93372    
      443945312.5000000          13471397273.93372    
      444335937.5000000          13471397273.93372    
      444726562.5000000          13471397273.93372    
      445117187.5000000          13471397273.93372    
      445507812.5000000          13471397273.93372    
      445898437.5000000          13471397273.93372    
      446289062.5000000          13471397273.93372    
      446679687.5000000          13471397273.93372    
      447070312.5000000          13471397273.93372    
      447460937.5000000          13471397273.93372    
      447851562.5000000          13471397273.93372    
      448242187.5000000          13471397273.93372    
      448632812.5000000          13471397273.93372    
      449023437.5000000          13471397273.93372    
      449414062.5000000          13471397273.93372    
      449804687.5000000          13471397273.93372    
      450195312.5000000          13471397273.93372    
      450585937.5000000          13471397273.93372    
      450976562.5000000          13471397273.93372    
      451367187.5000000          13471397273.93372    
      451757812.5000000          13471397273.93372    
      452148437.5000000          13471397273.93372    
      452539062.5000000          13471397273.93372    
      452929687.5000000          13471397273.93372    
      453320312.5000000          13471397273.93372    
      453710937.5000000          13471397273.93372    
      454101562.5000000          13471397273.93372    
      454492187.5000000          13471397273.93372    
      454882812.5000000          13471397273.93372    
      455273437.5000000          13471397273.93372    
      455664062.5000000          13471397273.93372    
      456054687.5000000          13471397273.93372    
      456445312.5000000          13471397273.93372    
      456835937.5000000          13471397273.93372    
      457226562.5000000          13471397273.93372    
      457617187.5000000          13471397273.93372    
      458007812.5000000          13471397273.93372    
      458398437.5000000          13471397273.93372    
      458789062.5000000          13471397273.93372    
      459179687.5000000          13471397273.93372    
      459570312.5000000          13471397273.93372    
      459960937.5000000          13471397273.93372    
      460351562.5000000          13471397273.93372    
      460742187.5000000          13471397273.93372    
      461132812.5000000          13471397273.93372    
      461523437.5000000          13471397273.93372    
      461914062.5000000          13471397273.93372    
      462304687.5000000          13471397273.93372    
      462695312.5000000          13471397273.93372    
      463085937.5000000          13471397273.93372    
      463476562.5000000          13471397273.93372    
      463867187.5000000          13471397273.93372    
      464257812.5000000          13471397273.93372    
      464648437.5000000          13471397273.93372    
      465039062.5000000          13471397273.93372    
      465429687.5000000          13471397273.93372    
      465820312.5000000          13471397273.93372    
      466210937.5000000          13471397273.93372    
      466601562.5000000          13471397273.93372    
      466992187.5000000          13471397273.93372    
      467382812.5000000          13471397273.93372    
      467773437.5000000          13471397273.93372    
      468164062.5000000          13471397273.93372    
      468554687.5000000          13471397273.93372    
      468945312.5000000          13471397273.93372    
      469335937.5000000          13471397273.93372    
      469726562.5000000          13471397273.93372    
      470117187.5000000          13471397273.93372    
      470507812.5000000          13471397273.93372    
      470898437.5000000          13471397273.93372    
      471289062.5000000          13471397273.93372    
      471679687.5000000          13471397273.93372    
      472070312.5000000          13471397273.93372    
      472460937.5000000          13471397273.93372    
      472851562.5000000          13471397273.93372    
      473242187.5000000          13471397273.93372    
      473632812.5000000          13471397273.93372    
      474023437.5000000          13471397273.93372    
      474414062.5000000          13471397273.93372    
      474804687.5000000          13471397273.93372    
      475195312.5000000          13471397273.93372    
      475585937.5000000          13471397273.93372    
      475976562.5000000          13471397273.93372    
      476367187.5000000          13471397273.93372    
      476757812.5000000          13471397273.93372    
      477148437.5000000          13471397273.93372    
      477539062.5000000          13471397273.93372    
      477929687.5000000          13471397273.93372    
      478320312.5000000          13471397273.93372    
      478710937.5000000          13471397273.93372    
      479101562.5000000          13471397273.93372    
      479492187.5000000          13471397273.93372    
      479882812.5000000          13471397273.93372    
      480273437.5000000          13471397273.93372    
      480664062.5000000          13471397273.93372    
      481054687.5000000          13471397273.93372    
      481445312.5000000          13471397273.93372    
      481835937.5000000          13471397273.93372    
      482226562.5000000          13471397273.93372    
      482617187.5000000          13471397273.93372    
      483007812.5000000          13471397273.93372    
      483398437.5000000          13471397273.93372    
      483789062.5000000          13471397273.93372    
      484179687.5000000          13471397273.93372    
      484570312.5000000          13471397273.93372    
      484960937.5000000          13471397273.93372    
      485351562.5000000          13471397273.93372    
      485742187.5000000          13471397273.93372    
      486132812.5000000          13471397273.93372    
      486523437.5000000          13471397273.93372    
      486914062.5000000          13471397273.93372    
      487304687.5000000          13471397273.93372    
      487695312.5000000          13471397273.93372    
      488085937.5000000          13471397273.93372    
      488476562.5000000          13471397273.93372    
      488867187.5000000          13471397273.93372    
      489257812.5000000          13471397273.93372    
      489648437.5000000          13471397273.93372    
      490039062.5000000          13471397273.93372    
      490429687.5000000          13471397273.93372    
      490820312.5000000          13471397273.93372    
      491210937.5000000          13471397273.93372    
      491601562.5000000          13471397273.93372    
      491992187.5000000          13471397273.93372    
      492382812.5000000          13471397273.93372    
      492773437.5000000          13471397273.93372    
      493164062.5000000          13471397273.93372    
      493554687.5000000          13471397273.93372    
      493945312.5000000          13471397273.93372    
      494335937.5000000          13471397273.93372    
      494726562.5000000          13471397273.93372    
      495117187.5000000          13471397273.93372    
      495507812.5000000          13471397273.93372    
      495898437.5000000          13471397273.93372    
      496289062.5000000          13471397273.93372    
      496679687.5000000          13471397273.93372    
      497070312.5000000          13471397273.93372    
      497460937.5000000          13471397273.93372    
      497851562.5000000          13471397273.93372    
      498242187.5000000          13471397273.93372    
      498632812.5000000          13471397273.93372    
      499023437.5000000          13471397273.93372    
      499414062.5000000          13471397273.93372    
      499804687.5000000          13471397273.93372    
