      195312.5000000000          40006462.95531250    
      585937.5000000000          40045129.13723758    
      976562.5000000000          40122183.92078795    
      1367187.500000000          40237141.18644126    
      1757812.500000000          40388967.24262757    
      2148437.500000000          40576071.73298649    
      2539062.500000000          40796213.17404827    
      2929687.500000000          41046036.16573022    
      3320312.500000000          41332768.81311575    
      3710937.500000000          41647124.34505004    
      4101562.500000000          41971943.99966532    
      4492187.500000000          42305258.55261724    
      4882812.500000000          42641551.96920078    
      5273437.500000000          42990172.11945290    
      5664062.500000000          43432760.42027852    
      6054687.500000000          43915576.80901842    
      6445312.500000000          44390703.60600461    
      6835937.500000000          45051028.18195616    
      7226562.500000000          46638161.39525744    
      7617187.500000000          46635893.20433945    
      8007812.500000000          44690242.73246081    
      8398437.500000000          43863739.92546162    
      8789062.500000000          42375374.23607080    
      9179687.500000000          39813757.55670877    
      9570312.500000000          37271218.66422822    
      9960937.500000000          35403692.99358000    
      10351562.50000000          34146769.75185004    
      10742187.50000000          33329912.66273004    
      11132812.50000000          32821058.60135970    
      11523437.50000000          32559391.36613948    
      11914062.50000000          32421726.91966750    
      12304687.50000000          32362799.33648837    
      12695312.50000000          32348554.54560313    
      13085937.50000000          32359108.75206413    
      13476562.50000000          32383577.52992626    
      13867187.50000000          32416572.48066157    
      14257812.50000000          32454054.35026611    
      14648437.50000000          32494843.42201513    
      15039062.50000000          32537417.15942004    
      15429687.50000000          32581347.41254875    
      15820312.50000000          32626633.25082590    
      16210937.50000000          32672727.45694407    
      16601562.50000000          32719030.25309715    
      16992187.50000000          32767613.14588371    
      17382812.50000000          32816518.16474814    
      17773437.50000000          32863422.81757528    
      18164062.50000000          32923273.57611328    
      18554687.50000000          32965512.72463726    
      18945312.50000000          33019178.40992884    
      19335937.50000000          33084652.50724070    
      19726562.50000000          33128358.91377977    
      20117187.50000000          33183893.86244842    
      20507812.50000000          33240450.74565348    
      20898437.50000000          33298057.54810009    
      21289062.50000000          33356571.10718920    
      21679687.50000000          33415679.31903097    
      22070312.50000000          33475877.24819248    
      22460937.50000000          33536861.59042672    
      22851562.50000000          33598738.77031326    
      23242187.50000000          33661582.39269148    
      23632812.50000000          33725166.72664567    
      24023437.50000000          33789475.43223689    
      24414062.50000000          33854713.29680648    
      24804687.50000000          33920770.90885808    
      25195312.50000000          33987635.10130104    
      25585937.50000000          34055250.98034821    
      25976562.50000000          34123646.62587740    
      26367187.50000000          34192822.89904902    
      26757812.50000000          34262768.64648690    
      27148437.50000000          34333473.19589389    
      27539062.50000000          34404926.03077916    
      27929687.50000000          34477117.12128063    
      28320312.50000000          34550037.08898681    
      28710937.50000000          34623709.17640420    
      29101562.50000000          34698059.56135768    
      29492187.50000000          34773071.92059973    
      29882812.50000000          34848816.06356858    
      30273437.50000000          34925247.66041747    
      30664062.50000000          35002358.52827709    
      31054687.50000000          35080140.49820889    
      31445312.50000000          35158585.59039966    
      31835937.50000000          35237686.57125760    
      32226562.50000000          35317436.41249621    
      32617187.50000000          35397827.81863435    
      33007812.50000000          35478853.26215720    
      33398437.50000000          35560525.46084733    
      33789062.50000000          35642761.26828056    
      34179687.50000000          35725641.19780619    
      34570312.50000000          35809128.16035817    
      34960937.50000000          35893215.68071841    
      35351562.50000000          35977911.02824926    
      35742187.50000000          36063153.88181534    
      36132812.50000000          36148997.46895911    
      36523437.50000000          36235415.95995065    
      36914062.50000000          36322403.71096087    
      37304687.50000000          36409950.77207845    
      37695312.50000000          36498055.96461841    
      38085937.50000000          36586708.93602484    
      38476562.50000000          36675905.78618132    
      38867187.50000000          36765646.64488268    
      39257812.50000000          36855922.05848065    
      39648437.50000000          36946725.23540733    
      40039062.50000000          37038054.62341982    
      40429687.50000000          37129904.55627306    
      40820312.50000000          37222269.46422432    
      41210937.50000000          37315145.39372208    
      41601562.50000000          37408531.70535724    
      41992187.50000000          37502419.74564943    
      42382812.50000000          37596800.66802948    
      42773437.50000000          37691684.19531964    
      43164062.50000000          37787056.70818811    
      43554687.50000000          37882917.42712156    
      43945312.50000000          37979259.93626197    
      44335937.50000000          38076079.15641316    
      44726562.50000000          38173379.37749758    
      45117187.50000000          38271154.78213197    
      45507812.50000000          38369396.15826261    
      45898437.50000000          38468109.53744201    
      46289062.50000000          38567291.64051228    
      46679687.50000000          38666929.15004318    
      47070312.50000000          38767032.82992159    
      47460937.50000000          38867595.14247023    
      47851562.50000000          38968637.90459226    
      48242187.50000000          39070121.39081484    
      48632812.50000000          39172012.47294439    
      49023437.50000000          39274378.97435308    
      49414062.50000000          39377211.60705451    
      49804687.50000000          39480478.07149000    
      50195312.50000000          39584238.14080786    
      50585937.50000000          39688387.94004610    
      50976562.50000000          39793016.47889572    
      51367187.50000000          39898042.83772055    
      51757812.50000000          40003542.10555128    
      52148437.50000000          40109489.40872625    
      52539062.50000000          40215907.12992892    
      52929687.50000000          40322737.05872733    
      53320312.50000000          40429957.50124468    
      53710937.50000000          40537732.95782262    
      54101562.50000000          40645961.17120592    
      54492187.50000000          40754521.60517188    
      54882812.50000000          40863573.68339572    
      55273437.50000000          40973078.53986259    
      55664062.50000000          41083009.69381273    
      56054687.50000000          41193338.49902949    
      56445312.50000000          41304119.60730620    
      56835937.50000000          41415497.99144844    
      57226562.50000000          41527188.63618623    
      57617187.50000000          41639291.35822213    
      58007812.50000000          41752046.40575507    
      58398437.50000000          41865127.06083935    
      58789062.50000000          41978567.84835759    
      59179687.50000000          42092774.24815528    
      59570312.50000000          42207258.66864051    
      59960937.50000000          42322179.15260287    
      60351562.50000000          42437594.24235566    
      60742187.50000000          42553440.12295282    
      61132812.50000000          42669730.91819264    
      61523437.50000000          42786683.37937373    
      61914062.50000000          42903993.94678186    
      62304687.50000000          43021863.24782633    
      62695312.50000000          43140277.96392520    
      63085937.50000000          43259178.95926469    
      63476562.50000000          43378452.55953518    
      63867187.50000000          43498226.53485835    
      64257812.50000000          43618511.10386000    
      64648437.50000000          43739378.38185803    
      65039062.50000000          43860697.96038777    
      65429687.50000000          43982593.16730426    
      65820312.50000000          44105105.31512842    
      66210937.50000000          44228112.38437424    
      66601562.50000000          44351669.73709316    
      66992187.50000000          44475925.71111166    
      67382812.50000000          44600583.33241490    
      67773437.50000000          44725714.60749516    
      68164062.50000000          44851545.71165740    
      68554687.50000000          44977968.16878884    
      68945312.50000000          45104990.54303139    
      69335937.50000000          45232621.66287054    
      69726562.50000000          45360926.31804106    
      70117187.50000000          45489853.89933873    
      70507812.50000000          45619308.64541563    
      70898437.50000000          45749424.97450370    
      71289062.50000000          45880231.32939500    
      71679687.50000000          46011723.16230518    
      72070312.50000000          46143920.78906879    
      72460937.50000000          46276831.05227071    
      72851562.50000000          46410448.43408216    
      73242187.50000000          46544813.64977834    
      73632812.50000000          46679890.55131347    
      74023437.50000000          46815682.16660696    
      74414062.50000000          46952269.87052647    
      74804687.50000000          47089626.62490438    
      75195312.50000000          47227897.22825219    
      75585937.50000000          47366830.64859357    
      75976562.50000000          47506768.80919443    
      76367187.50000000          47647622.49875393    
      76757812.50000000          47789129.99014421    
      77148437.50000000          47931500.29177964    
      77539062.50000000          48075050.47376128    
      77929687.50000000          48219349.95226590    
      78320312.50000000          48364555.52942863    
      78710937.50000000          48510928.99342334    
      79101562.50000000          48658272.08787813    
      79492187.50000000          48806691.69453561    
      79882812.50000000          48956002.14581361    
      80273437.50000000          49106546.91331154    
      80664062.50000000          49258166.91927030    
      81054687.50000000          49410935.01783162    
      81445312.50000000          49564821.38048225    
      81835937.50000000          49720021.25038487    
      82226562.50000000          49876389.44885975    
      82617187.50000000          50034136.77210356    
      83007812.50000000          50193309.60206887    
      83398437.50000000          50353581.50191604    
      83789062.50000000          50515160.40877532    
      84179687.50000000          50678385.53667848    
      84570312.50000000          50843047.46855698    
      84960937.50000000          51009118.07091840    
      85351562.50000000          51176863.58262686    
      85742187.50000000          51346272.93571603    
      86132812.50000000          51517347.58364508    
      86523437.50000000          51690030.54867593    
      86914062.50000000          51864522.34433089    
      87304687.50000000          52040883.56583092    
      87695312.50000000          52219013.48439467    
      88085937.50000000          52399180.00231060    
      88476562.50000000          52581443.37743253    
      88867187.50000000          52765730.91584636    
      89257812.50000000          52952155.05706958    
      89648437.50000000          53140777.03761514    
      90039062.50000000          53331795.48258834    
      90429687.50000000          53524989.25762103    
      90820312.50000000          53720857.81338546    
      91210937.50000000          53919339.91740773    
      91601562.50000000          54120386.83546139    
      91992187.50000000          54324133.27661070    
      92382812.50000000          54530668.48495034    
      92773437.50000000          54740254.81546218    
      93164062.50000000          54952798.82734381    
      93554687.50000000          55168570.63800736    
      93945312.50000000          55387596.83351768    
      94335937.50000000          55610017.95889729    
      94726562.50000000          55835813.84508034    
      95117187.50000000          56065367.50922782    
      95507812.50000000          56298775.15513204    
      95898437.50000000          56536121.16636781    
      96289062.50000000          56777487.17670445    
      96679687.50000000          57023204.95926375    
      97070312.50000000          57273190.50746358    
      97460937.50000000          57527657.19240461    
      97851562.50000000          57787134.73694368    
      98242187.50000000          58051502.48694015    
      98632812.50000000          58320643.91455659    
      99023437.50000000          58595555.68460442    
      99414062.50000000          58876024.30049425    
      99804687.50000000          59161952.22882470    
      100195312.5000000          59453899.45326263    
      100585937.5000000          59751959.61329688    
      100976562.5000000          60057200.98918381    
      101367187.5000000          60368716.75495567    
      101757812.5000000          60687228.74651971    
      102148437.5000000          61012953.26342268    
      102539062.5000000          61346432.19954058    
      102929687.5000000          61687848.54022586    
      103320312.5000000          62037475.00372205    
      103710937.5000000          62395440.36391903    
      104101562.5000000          62762801.14463059    
      104492187.5000000          63139072.05891815    
      104882812.5000000          63525309.19447637    
      105273437.5000000          63920003.80814973    
      105664062.5000000          64328079.73548639    
      106054687.5000000          64745076.56981379    
      106445312.5000000          65174265.47065029    
      106835937.5000000          65615281.55021752    
      107226562.5000000          66068057.33593793    
      107617187.5000000          66534085.21098070    
      108007812.5000000          67013585.14418103    
      108398437.5000000          67506618.76423718    
      108789062.5000000          68014050.98056282    
      109179687.5000000          68536815.76414324    
      109570312.5000000          69072257.72461995    
      109960937.5000000          69628844.12365708    
      110351562.5000000          70198607.59606789    
      110742187.5000000          70787312.62773448    
      111132812.5000000          71393139.35612129    
      111523437.5000000          72015807.84598900    
      111914062.5000000          72659459.06903841    
      112304687.5000000          73321575.19943044    
      112695312.5000000          74003135.90232469    
      113085937.5000000          74705078.82049692    
      113476562.5000000          75425879.26180351    
      113867187.5000000          76170169.15856612    
      114257812.5000000          76934062.76554132    
      114648437.5000000          77720360.90364380    
      115039062.5000000          78525855.60129723    
      115429687.5000000          79355901.35987732    
      115820312.5000000          80209122.10725485    
      116210937.5000000          81079860.79498377    
      116601562.5000000          81978260.21410358    
      116992187.5000000          82897489.28348866    
      117382812.5000000          83839528.88300997    
      117773437.5000000          84803295.04685518    
      118164062.5000000          85791283.48893376    
      118554687.5000000          86802110.55401637    
      118945312.5000000          87833948.42284687    
      119335937.5000000          88891094.93791766    
      119726562.5000000          89967257.14587659    
      120117187.5000000          91066806.06071395    
      120507812.5000000          92188435.54659228    
      120898437.5000000          93331335.36914015    
      121289062.5000000          94498003.48284554    
      121679687.5000000          95695380.71960568    
      122070312.5000000          96935246.47639622    
      122460937.5000000          98225473.24402261    
      122851562.5000000          99555380.51094332    
      123242187.5000000          100924145.5967828    
      123632812.5000000          102327249.8932269    
      124023437.5000000          103761162.8064336    
      124414062.5000000          105222678.7718134    
      124804687.5000000          106711325.4637558    
      125195312.5000000          108226018.8341623    
      125585937.5000000          109765903.2974418    
      125976562.5000000          111332108.0785646    
      126367187.5000000          112926187.4370703    
      126757812.5000000          114549400.4332616    
      127148437.5000000          116205337.8104372    
      127539062.5000000          117895395.1826219    
      127929687.5000000          119624216.6409012    
      128320312.5000000          121395942.5571737    
      128710937.5000000          123213930.1913031    
      129101562.5000000          125081113.6009557    
      129492187.5000000          127008697.8358745    
      129882812.5000000          128994329.4686469    
      130273437.5000000          131051198.2633603    
      130664062.5000000          133184983.3022331    
      131054687.5000000          135405903.4783866    
      131445312.5000000          137712366.6387956    
      131835937.5000000          140125168.5295126    
      132226562.5000000          142650690.0139924    
      132617187.5000000          145300148.6732473    
      133007812.5000000          148083220.2223905    
      133398437.5000000          151014199.6646940    
      133789062.5000000          154108540.8871603    
      134179687.5000000          157380790.0273820    
      134570312.5000000          160846087.1633981    
      134960937.5000000          164520500.7071046    
      135351562.5000000          168422331.9355753    
      135742187.5000000          172570163.7331204    
      136132812.5000000          176980719.2662614    
      136523437.5000000          181674598.1472060    
      136914062.5000000          186673249.9716449    
      137304687.5000000          191976772.5405652    
      137695312.5000000          197619887.8212592    
      138085937.5000000          203609748.0784943    
      138476562.5000000          209920587.2500994    
      138867187.5000000          216633716.6843646    
      139257812.5000000          223718610.0681213    
      139648437.5000000          231183782.6957867    
      140039062.5000000          239019543.6904224    
      140429687.5000000          247240287.3486358    
      140820312.5000000          255843070.9701565    
      141210937.5000000          264805681.8360402    
      141601562.5000000          274155185.3541965    
      141992187.5000000          283822161.6427896    
      142382812.5000000          293831559.8216083    
      142773437.5000000          304160212.6666803    
      143164062.5000000          314838760.1309959    
      143554687.5000000          325911950.4529611    
      143945312.5000000          337490664.4990500    
      144335937.5000000          349678655.8916214    
      144726562.5000000          362698582.1120729    
      145117187.5000000          112245568.5237182    
      145507812.5000000          13474665713.67518    
      145898437.5000000          13474665713.67518    
      146289062.5000000          13474665713.67518    
      146679687.5000000          13474665713.67518    
      147070312.5000000          13474665713.67518    
      147460937.5000000          13474665713.67518    
      147851562.5000000          13474665713.67518    
      148242187.5000000          13474665713.67518    
      148632812.5000000          13474665713.67518    
      149023437.5000000          13474665713.67518    
      149414062.5000000          13474665713.67518    
      149804687.5000000          13474665713.67518    
      150195312.5000000          13474665713.67518    
      150585937.5000000          13474665713.67518    
      150976562.5000000          13474665713.67518    
      151367187.5000000          13474665713.67518    
      151757812.5000000          13474665713.67518    
      152148437.5000000          13474665713.67518    
      152539062.5000000          13474665713.67518    
      152929687.5000000          13474665713.67518    
      153320312.5000000          13474665713.67518    
      153710937.5000000          13474665713.67518    
      154101562.5000000          13474665713.67518    
      154492187.5000000          13474665713.67518    
      154882812.5000000          13474665713.67518    
      155273437.5000000          13474665713.67518    
      155664062.5000000          13474665713.67518    
      156054687.5000000          13474665713.67518    
      156445312.5000000          13474665713.67518    
      156835937.5000000          13474665713.67518    
      157226562.5000000          13474665713.67518    
      157617187.5000000          13474665713.67518    
      158007812.5000000          13474665713.67518    
      158398437.5000000          13474665713.67518    
      158789062.5000000          13474665713.67518    
      159179687.5000000          13474665713.67518    
      159570312.5000000          13474665713.67518    
      159960937.5000000          13474665713.67518    
      160351562.5000000          13474665713.67518    
      160742187.5000000          13474665713.67518    
      161132812.5000000          13474665713.67518    
      161523437.5000000          13474665713.67518    
      161914062.5000000          13474665713.67518    
      162304687.5000000          13474665713.67518    
      162695312.5000000          13474665713.67518    
      163085937.5000000          13474665713.67518    
      163476562.5000000          13474665713.67518    
      163867187.5000000          13474665713.67518    
      164257812.5000000          13474665713.67518    
      164648437.5000000          13474665713.67518    
      165039062.5000000          13474665713.67518    
      165429687.5000000          13474665713.67518    
      165820312.5000000          13474665713.67518    
      166210937.5000000          13474665713.67518    
      166601562.5000000          13474665713.67518    
      166992187.5000000          13474665713.67518    
      167382812.5000000          13474665713.67518    
      167773437.5000000          13474665713.67518    
      168164062.5000000          13474665713.67518    
      168554687.5000000          13474665713.67518    
      168945312.5000000          13474665713.67518    
      169335937.5000000          13474665713.67518    
      169726562.5000000          13474665713.67518    
      170117187.5000000          13474665713.67518    
      170507812.5000000          13474665713.67518    
      170898437.5000000          13474665713.67518    
      171289062.5000000          13474665713.67518    
      171679687.5000000          13474665713.67518    
      172070312.5000000          13474665713.67518    
      172460937.5000000          13474665713.67518    
      172851562.5000000          13474665713.67518    
      173242187.5000000          13474665713.67518    
      173632812.5000000          13474665713.67518    
      174023437.5000000          13474665713.67518    
      174414062.5000000          13474665713.67518    
      174804687.5000000          13474665713.67518    
      175195312.5000000          13474665713.67518    
      175585937.5000000          13474665713.67518    
      175976562.5000000          13474665713.67518    
      176367187.5000000          13474665713.67518    
      176757812.5000000          13474665713.67518    
      177148437.5000000          13474665713.67518    
      177539062.5000000          13474665713.67518    
      177929687.5000000          13474665713.67518    
      178320312.5000000          13474665713.67518    
      178710937.5000000          13474665713.67518    
      179101562.5000000          13474665713.67518    
      179492187.5000000          13474665713.67518    
      179882812.5000000          13474665713.67518    
      180273437.5000000          13474665713.67518    
      180664062.5000000          13474665713.67518    
      181054687.5000000          13474665713.67518    
      181445312.5000000          13474665713.67518    
      181835937.5000000          13474665713.67518    
      182226562.5000000          13474665713.67518    
      182617187.5000000          13474665713.67518    
      183007812.5000000          13474665713.67518    
      183398437.5000000          13474665713.67518    
      183789062.5000000          13474665713.67518    
      184179687.5000000          13474665713.67518    
      184570312.5000000          13474665713.67518    
      184960937.5000000          13474665713.67518    
      185351562.5000000          13474665713.67518    
      185742187.5000000          13474665713.67518    
      186132812.5000000          13474665713.67518    
      186523437.5000000          13474665713.67518    
      186914062.5000000          13474665713.67518    
      187304687.5000000          13474665713.67518    
      187695312.5000000          13474665713.67518    
      188085937.5000000          13474665713.67518    
      188476562.5000000          13474665713.67518    
      188867187.5000000          13474665713.67518    
      189257812.5000000          13474665713.67518    
      189648437.5000000          13474665713.67518    
      190039062.5000000          13474665713.67518    
      190429687.5000000          13474665713.67518    
      190820312.5000000          13474665713.67518    
      191210937.5000000          13474665713.67518    
      191601562.5000000          13474665713.67518    
      191992187.5000000          13474665713.67518    
      192382812.5000000          13474665713.67518    
      192773437.5000000          13474665713.67518    
      193164062.5000000          13474665713.67518    
      193554687.5000000          13474665713.67518    
      193945312.5000000          13474665713.67518    
      194335937.5000000          13474665713.67518    
      194726562.5000000          13474665713.67518    
      195117187.5000000          13474665713.67518    
      195507812.5000000          13474665713.67518    
      195898437.5000000          13474665713.67518    
      196289062.5000000          13474665713.67518    
      196679687.5000000          13474665713.67518    
      197070312.5000000          13474665713.67518    
      197460937.5000000          13474665713.67518    
      197851562.5000000          13474665713.67518    
      198242187.5000000          13474665713.67518    
      198632812.5000000          13474665713.67518    
      199023437.5000000          13474665713.67518    
      199414062.5000000          13474665713.67518    
      199804687.5000000          13474665713.67518    
      200195312.5000000          13474665713.67518    
      200585937.5000000          13474665713.67518    
      200976562.5000000          13474665713.67518    
      201367187.5000000          13474665713.67518    
      201757812.5000000          13474665713.67518    
      202148437.5000000          13474665713.67518    
      202539062.5000000          13474665713.67518    
      202929687.5000000          13474665713.67518    
      203320312.5000000          13474665713.67518    
      203710937.5000000          13474665713.67518    
      204101562.5000000          13474665713.67518    
      204492187.5000000          13474665713.67518    
      204882812.5000000          13474665713.67518    
      205273437.5000000          13474665713.67518    
      205664062.5000000          13474665713.67518    
      206054687.5000000          13474665713.67518    
      206445312.5000000          13474665713.67518    
      206835937.5000000          13474665713.67518    
      207226562.5000000          13474665713.67518    
      207617187.5000000          13474665713.67518    
      208007812.5000000          13474665713.67518    
      208398437.5000000          13474665713.67518    
      208789062.5000000          13474665713.67518    
      209179687.5000000          13474665713.67518    
      209570312.5000000          13474665713.67518    
      209960937.5000000          13474665713.67518    
      210351562.5000000          13474665713.67518    
      210742187.5000000          13474665713.67518    
      211132812.5000000          13474665713.67518    
      211523437.5000000          13474665713.67518    
      211914062.5000000          13474665713.67518    
      212304687.5000000          13474665713.67518    
      212695312.5000000          13474665713.67518    
      213085937.5000000          13474665713.67518    
      213476562.5000000          13474665713.67518    
      213867187.5000000          13474665713.67518    
      214257812.5000000          13474665713.67518    
      214648437.5000000          13474665713.67518    
      215039062.5000000          13474665713.67518    
      215429687.5000000          13474665713.67518    
      215820312.5000000          13474665713.67518    
      216210937.5000000          13474665713.67518    
      216601562.5000000          13474665713.67518    
      216992187.5000000          13474665713.67518    
      217382812.5000000          13474665713.67518    
      217773437.5000000          13474665713.67518    
      218164062.5000000          13474665713.67518    
      218554687.5000000          13474665713.67518    
      218945312.5000000          13474665713.67518    
      219335937.5000000          13474665713.67518    
      219726562.5000000          13474665713.67518    
      220117187.5000000          13474665713.67518    
      220507812.5000000          13474665713.67518    
      220898437.5000000          13474665713.67518    
      221289062.5000000          13474665713.67518    
      221679687.5000000          13474665713.67518    
      222070312.5000000          13474665713.67518    
      222460937.5000000          13474665713.67518    
      222851562.5000000          13474665713.67518    
      223242187.5000000          13474665713.67518    
      223632812.5000000          13474665713.67518    
      224023437.5000000          13474665713.67518    
      224414062.5000000          13474665713.67518    
      224804687.5000000          13474665713.67518    
      225195312.5000000          13474665713.67518    
      225585937.5000000          13474665713.67518    
      225976562.5000000          13474665713.67518    
      226367187.5000000          13474665713.67518    
      226757812.5000000          13474665713.67518    
      227148437.5000000          13474665713.67518    
      227539062.5000000          13474665713.67518    
      227929687.5000000          13474665713.67518    
      228320312.5000000          13474665713.67518    
      228710937.5000000          13474665713.67518    
      229101562.5000000          13474665713.67518    
      229492187.5000000          13474665713.67518    
      229882812.5000000          13474665713.67518    
      230273437.5000000          13474665713.67518    
      230664062.5000000          13474665713.67518    
      231054687.5000000          13474665713.67518    
      231445312.5000000          13474665713.67518    
      231835937.5000000          13474665713.67518    
      232226562.5000000          13474665713.67518    
      232617187.5000000          13474665713.67518    
      233007812.5000000          13474665713.67518    
      233398437.5000000          13474665713.67518    
      233789062.5000000          13474665713.67518    
      234179687.5000000          13474665713.67518    
      234570312.5000000          13474665713.67518    
      234960937.5000000          13474665713.67518    
      235351562.5000000          13474665713.67518    
      235742187.5000000          13474665713.67518    
      236132812.5000000          13474665713.67518    
      236523437.5000000          13474665713.67518    
      236914062.5000000          13474665713.67518    
      237304687.5000000          13474665713.67518    
      237695312.5000000          13474665713.67518    
      238085937.5000000          13474665713.67518    
      238476562.5000000          13474665713.67518    
      238867187.5000000          13474665713.67518    
      239257812.5000000          13474665713.67518    
      239648437.5000000          13474665713.67518    
      240039062.5000000          13474665713.67518    
      240429687.5000000          13474665713.67518    
      240820312.5000000          13474665713.67518    
      241210937.5000000          13474665713.67518    
      241601562.5000000          13474665713.67518    
      241992187.5000000          13474665713.67518    
      242382812.5000000          13474665713.67518    
      242773437.5000000          13474665713.67518    
      243164062.5000000          13474665713.67518    
      243554687.5000000          13474665713.67518    
      243945312.5000000          13474665713.67518    
      244335937.5000000          13474665713.67518    
      244726562.5000000          13474665713.67518    
      245117187.5000000          13474665713.67518    
      245507812.5000000          13474665713.67518    
      245898437.5000000          13474665713.67518    
      246289062.5000000          13474665713.67518    
      246679687.5000000          13474665713.67518    
      247070312.5000000          13474665713.67518    
      247460937.5000000          13474665713.67518    
      247851562.5000000          13474665713.67518    
      248242187.5000000          13474665713.67518    
      248632812.5000000          13474665713.67518    
      249023437.5000000          13474665713.67518    
      249414062.5000000          13474665713.67518    
      249804687.5000000          13474665713.67518    
      250195312.5000000          13474665713.67518    
      250585937.5000000          13474665713.67518    
      250976562.5000000          13474665713.67518    
      251367187.5000000          13474665713.67518    
      251757812.5000000          13474665713.67518    
      252148437.5000000          13474665713.67518    
      252539062.5000000          13474665713.67518    
      252929687.5000000          13474665713.67518    
      253320312.5000000          13474665713.67518    
      253710937.5000000          13474665713.67518    
      254101562.5000000          13474665713.67518    
      254492187.5000000          13474665713.67518    
      254882812.5000000          13474665713.67518    
      255273437.5000000          13474665713.67518    
      255664062.5000000          13474665713.67518    
      256054687.5000000          13474665713.67518    
      256445312.5000000          13474665713.67518    
      256835937.5000000          13474665713.67518    
      257226562.5000000          13474665713.67518    
      257617187.5000000          13474665713.67518    
      258007812.5000000          13474665713.67518    
      258398437.5000000          13474665713.67518    
      258789062.5000000          13474665713.67518    
      259179687.5000000          13474665713.67518    
      259570312.5000000          13474665713.67518    
      259960937.5000000          13474665713.67518    
      260351562.5000000          13474665713.67518    
      260742187.5000000          13474665713.67518    
      261132812.5000000          13474665713.67518    
      261523437.5000000          13474665713.67518    
      261914062.5000000          13474665713.67518    
      262304687.5000000          13474665713.67518    
      262695312.5000000          13474665713.67518    
      263085937.5000000          13474665713.67518    
      263476562.5000000          13474665713.67518    
      263867187.5000000          13474665713.67518    
      264257812.5000000          13474665713.67518    
      264648437.5000000          13474665713.67518    
      265039062.5000000          13474665713.67518    
      265429687.5000000          13474665713.67518    
      265820312.5000000          13474665713.67518    
      266210937.5000000          13474665713.67518    
      266601562.5000000          13474665713.67518    
      266992187.5000000          13474665713.67518    
      267382812.5000000          13474665713.67518    
      267773437.5000000          13474665713.67518    
      268164062.5000000          13474665713.67518    
      268554687.5000000          13474665713.67518    
      268945312.5000000          13474665713.67518    
      269335937.5000000          13474665713.67518    
      269726562.5000000          13474665713.67518    
      270117187.5000000          13474665713.67518    
      270507812.5000000          13474665713.67518    
      270898437.5000000          13474665713.67518    
      271289062.5000000          13474665713.67518    
      271679687.5000000          13474665713.67518    
      272070312.5000000          13474665713.67518    
      272460937.5000000          13474665713.67518    
      272851562.5000000          13474665713.67518    
      273242187.5000000          13474665713.67518    
      273632812.5000000          13474665713.67518    
      274023437.5000000          13474665713.67518    
      274414062.5000000          13474665713.67518    
      274804687.5000000          13474665713.67518    
      275195312.5000000          13474665713.67518    
      275585937.5000000          13474665713.67518    
      275976562.5000000          13474665713.67518    
      276367187.5000000          13474665713.67518    
      276757812.5000000          13474665713.67518    
      277148437.5000000          13474665713.67518    
      277539062.5000000          13474665713.67518    
      277929687.5000000          13474665713.67518    
      278320312.5000000          13474665713.67518    
      278710937.5000000          13474665713.67518    
      279101562.5000000          13474665713.67518    
      279492187.5000000          13474665713.67518    
      279882812.5000000          13474665713.67518    
      280273437.5000000          13474665713.67518    
      280664062.5000000          13474665713.67518    
      281054687.5000000          13474665713.67518    
      281445312.5000000          13474665713.67518    
      281835937.5000000          13474665713.67518    
      282226562.5000000          13474665713.67518    
      282617187.5000000          13474665713.67518    
      283007812.5000000          13474665713.67518    
      283398437.5000000          13474665713.67518    
      283789062.5000000          13474665713.67518    
      284179687.5000000          13474665713.67518    
      284570312.5000000          13474665713.67518    
      284960937.5000000          13474665713.67518    
      285351562.5000000          13474665713.67518    
      285742187.5000000          13474665713.67518    
      286132812.5000000          13474665713.67518    
      286523437.5000000          13474665713.67518    
      286914062.5000000          13474665713.67518    
      287304687.5000000          13474665713.67518    
      287695312.5000000          13474665713.67518    
      288085937.5000000          13474665713.67518    
      288476562.5000000          13474665713.67518    
      288867187.5000000          13474665713.67518    
      289257812.5000000          13474665713.67518    
      289648437.5000000          13474665713.67518    
      290039062.5000000          13474665713.67518    
      290429687.5000000          13474665713.67518    
      290820312.5000000          13474665713.67518    
      291210937.5000000          13474665713.67518    
      291601562.5000000          13474665713.67518    
      291992187.5000000          13474665713.67518    
      292382812.5000000          13474665713.67518    
      292773437.5000000          13474665713.67518    
      293164062.5000000          13474665713.67518    
      293554687.5000000          13474665713.67518    
      293945312.5000000          13474665713.67518    
      294335937.5000000          13474665713.67518    
      294726562.5000000          13474665713.67518    
      295117187.5000000          13474665713.67518    
      295507812.5000000          13474665713.67518    
      295898437.5000000          13474665713.67518    
      296289062.5000000          13474665713.67518    
      296679687.5000000          13474665713.67518    
      297070312.5000000          13474665713.67518    
      297460937.5000000          13474665713.67518    
      297851562.5000000          13474665713.67518    
      298242187.5000000          13474665713.67518    
      298632812.5000000          13474665713.67518    
      299023437.5000000          13474665713.67518    
      299414062.5000000          13474665713.67518    
      299804687.5000000          13474665713.67518    
      300195312.5000000          13474665713.67518    
      300585937.5000000          13474665713.67518    
      300976562.5000000          13474665713.67518    
      301367187.5000000          13474665713.67518    
      301757812.5000000          13474665713.67518    
      302148437.5000000          13474665713.67518    
      302539062.5000000          13474665713.67518    
      302929687.5000000          13474665713.67518    
      303320312.5000000          13474665713.67518    
      303710937.5000000          13474665713.67518    
      304101562.5000000          13474665713.67518    
      304492187.5000000          13474665713.67518    
      304882812.5000000          13474665713.67518    
      305273437.5000000          13474665713.67518    
      305664062.5000000          13474665713.67518    
      306054687.5000000          13474665713.67518    
      306445312.5000000          13474665713.67518    
      306835937.5000000          13474665713.67518    
      307226562.5000000          13474665713.67518    
      307617187.5000000          13474665713.67518    
      308007812.5000000          13474665713.67518    
      308398437.5000000          13474665713.67518    
      308789062.5000000          13474665713.67518    
      309179687.5000000          13474665713.67518    
      309570312.5000000          13474665713.67518    
      309960937.5000000          13474665713.67518    
      310351562.5000000          13474665713.67518    
      310742187.5000000          13474665713.67518    
      311132812.5000000          13474665713.67518    
      311523437.5000000          13474665713.67518    
      311914062.5000000          13474665713.67518    
      312304687.5000000          13474665713.67518    
      312695312.5000000          13474665713.67518    
      313085937.5000000          13474665713.67518    
      313476562.5000000          13474665713.67518    
      313867187.5000000          13474665713.67518    
      314257812.5000000          13474665713.67518    
      314648437.5000000          13474665713.67518    
      315039062.5000000          13474665713.67518    
      315429687.5000000          13474665713.67518    
      315820312.5000000          13474665713.67518    
      316210937.5000000          13474665713.67518    
      316601562.5000000          13474665713.67518    
      316992187.5000000          13474665713.67518    
      317382812.5000000          13474665713.67518    
      317773437.5000000          13474665713.67518    
      318164062.5000000          13474665713.67518    
      318554687.5000000          13474665713.67518    
      318945312.5000000          13474665713.67518    
      319335937.5000000          13474665713.67518    
      319726562.5000000          13474665713.67518    
      320117187.5000000          13474665713.67518    
      320507812.5000000          13474665713.67518    
      320898437.5000000          13474665713.67518    
      321289062.5000000          13474665713.67518    
      321679687.5000000          13474665713.67518    
      322070312.5000000          13474665713.67518    
      322460937.5000000          13474665713.67518    
      322851562.5000000          13474665713.67518    
      323242187.5000000          13474665713.67518    
      323632812.5000000          13474665713.67518    
      324023437.5000000          13474665713.67518    
      324414062.5000000          13474665713.67518    
      324804687.5000000          13474665713.67518    
      325195312.5000000          13474665713.67518    
      325585937.5000000          13474665713.67518    
      325976562.5000000          13474665713.67518    
      326367187.5000000          13474665713.67518    
      326757812.5000000          13474665713.67518    
      327148437.5000000          13474665713.67518    
      327539062.5000000          13474665713.67518    
      327929687.5000000          13474665713.67518    
      328320312.5000000          13474665713.67518    
      328710937.5000000          13474665713.67518    
      329101562.5000000          13474665713.67518    
      329492187.5000000          13474665713.67518    
      329882812.5000000          13474665713.67518    
      330273437.5000000          13474665713.67518    
      330664062.5000000          13474665713.67518    
      331054687.5000000          13474665713.67518    
      331445312.5000000          13474665713.67518    
      331835937.5000000          13474665713.67518    
      332226562.5000000          13474665713.67518    
      332617187.5000000          13474665713.67518    
      333007812.5000000          13474665713.67518    
      333398437.5000000          13474665713.67518    
      333789062.5000000          13474665713.67518    
      334179687.5000000          13474665713.67518    
      334570312.5000000          13474665713.67518    
      334960937.5000000          13474665713.67518    
      335351562.5000000          13474665713.67518    
      335742187.5000000          13474665713.67518    
      336132812.5000000          13474665713.67518    
      336523437.5000000          13474665713.67518    
      336914062.5000000          13474665713.67518    
      337304687.5000000          13474665713.67518    
      337695312.5000000          13474665713.67518    
      338085937.5000000          13474665713.67518    
      338476562.5000000          13474665713.67518    
      338867187.5000000          13474665713.67518    
      339257812.5000000          13474665713.67518    
      339648437.5000000          13474665713.67518    
      340039062.5000000          13474665713.67518    
      340429687.5000000          13474665713.67518    
      340820312.5000000          13474665713.67518    
      341210937.5000000          13474665713.67518    
      341601562.5000000          13474665713.67518    
      341992187.5000000          13474665713.67518    
      342382812.5000000          13474665713.67518    
      342773437.5000000          13474665713.67518    
      343164062.5000000          13474665713.67518    
      343554687.5000000          13474665713.67518    
      343945312.5000000          13474665713.67518    
      344335937.5000000          13474665713.67518    
      344726562.5000000          13474665713.67518    
      345117187.5000000          13474665713.67518    
      345507812.5000000          13474665713.67518    
      345898437.5000000          13474665713.67518    
      346289062.5000000          13474665713.67518    
      346679687.5000000          13474665713.67518    
      347070312.5000000          13474665713.67518    
      347460937.5000000          13474665713.67518    
      347851562.5000000          13474665713.67518    
      348242187.5000000          13474665713.67518    
      348632812.5000000          13474665713.67518    
      349023437.5000000          13474665713.67518    
      349414062.5000000          13474665713.67518    
      349804687.5000000          13474665713.67518    
      350195312.5000000          13474665713.67518    
      350585937.5000000          13474665713.67518    
      350976562.5000000          13474665713.67518    
      351367187.5000000          13474665713.67518    
      351757812.5000000          13474665713.67518    
      352148437.5000000          13474665713.67518    
      352539062.5000000          13474665713.67518    
      352929687.5000000          13474665713.67518    
      353320312.5000000          13474665713.67518    
      353710937.5000000          13474665713.67518    
      354101562.5000000          13474665713.67518    
      354492187.5000000          13474665713.67518    
      354882812.5000000          13474665713.67518    
      355273437.5000000          13474665713.67518    
      355664062.5000000          13474665713.67518    
      356054687.5000000          13474665713.67518    
      356445312.5000000          13474665713.67518    
      356835937.5000000          13474665713.67518    
      357226562.5000000          13474665713.67518    
      357617187.5000000          13474665713.67518    
      358007812.5000000          13474665713.67518    
      358398437.5000000          13474665713.67518    
      358789062.5000000          13474665713.67518    
      359179687.5000000          13474665713.67518    
      359570312.5000000          13474665713.67518    
      359960937.5000000          13474665713.67518    
      360351562.5000000          13474665713.67518    
      360742187.5000000          13474665713.67518    
      361132812.5000000          13474665713.67518    
      361523437.5000000          13474665713.67518    
      361914062.5000000          13474665713.67518    
      362304687.5000000          13474665713.67518    
      362695312.5000000          13474665713.67518    
      363085937.5000000          13474665713.67518    
      363476562.5000000          13474665713.67518    
      363867187.5000000          13474665713.67518    
      364257812.5000000          13474665713.67518    
      364648437.5000000          13474665713.67518    
      365039062.5000000          13474665713.67518    
      365429687.5000000          13474665713.67518    
      365820312.5000000          13474665713.67518    
      366210937.5000000          13474665713.67518    
      366601562.5000000          13474665713.67518    
      366992187.5000000          13474665713.67518    
      367382812.5000000          13474665713.67518    
      367773437.5000000          13474665713.67518    
      368164062.5000000          13474665713.67518    
      368554687.5000000          13474665713.67518    
      368945312.5000000          13474665713.67518    
      369335937.5000000          13474665713.67518    
      369726562.5000000          13474665713.67518    
      370117187.5000000          13474665713.67518    
      370507812.5000000          13474665713.67518    
      370898437.5000000          13474665713.67518    
      371289062.5000000          13474665713.67518    
      371679687.5000000          13474665713.67518    
      372070312.5000000          13474665713.67518    
      372460937.5000000          13474665713.67518    
      372851562.5000000          13474665713.67518    
      373242187.5000000          13474665713.67518    
      373632812.5000000          13474665713.67518    
      374023437.5000000          13474665713.67518    
      374414062.5000000          13474665713.67518    
      374804687.5000000          13474665713.67518    
      375195312.5000000          13474665713.67518    
      375585937.5000000          13474665713.67518    
      375976562.5000000          13474665713.67518    
      376367187.5000000          13474665713.67518    
      376757812.5000000          13474665713.67518    
      377148437.5000000          13474665713.67518    
      377539062.5000000          13474665713.67518    
      377929687.5000000          13474665713.67518    
      378320312.5000000          13474665713.67518    
      378710937.5000000          13474665713.67518    
      379101562.5000000          13474665713.67518    
      379492187.5000000          13474665713.67518    
      379882812.5000000          13474665713.67518    
      380273437.5000000          13474665713.67518    
      380664062.5000000          13474665713.67518    
      381054687.5000000          13474665713.67518    
      381445312.5000000          13474665713.67518    
      381835937.5000000          13474665713.67518    
      382226562.5000000          13474665713.67518    
      382617187.5000000          13474665713.67518    
      383007812.5000000          13474665713.67518    
      383398437.5000000          13474665713.67518    
      383789062.5000000          13474665713.67518    
      384179687.5000000          13474665713.67518    
      384570312.5000000          13474665713.67518    
      384960937.5000000          13474665713.67518    
      385351562.5000000          13474665713.67518    
      385742187.5000000          13474665713.67518    
      386132812.5000000          13474665713.67518    
      386523437.5000000          13474665713.67518    
      386914062.5000000          13474665713.67518    
      387304687.5000000          13474665713.67518    
      387695312.5000000          13474665713.67518    
      388085937.5000000          13474665713.67518    
      388476562.5000000          13474665713.67518    
      388867187.5000000          13474665713.67518    
      389257812.5000000          13474665713.67518    
      389648437.5000000          13474665713.67518    
      390039062.5000000          13474665713.67518    
      390429687.5000000          13474665713.67518    
      390820312.5000000          13474665713.67518    
      391210937.5000000          13474665713.67518    
      391601562.5000000          13474665713.67518    
      391992187.5000000          13474665713.67518    
      392382812.5000000          13474665713.67518    
      392773437.5000000          13474665713.67518    
      393164062.5000000          13474665713.67518    
      393554687.5000000          13474665713.67518    
      393945312.5000000          13474665713.67518    
      394335937.5000000          13474665713.67518    
      394726562.5000000          13474665713.67518    
      395117187.5000000          13474665713.67518    
      395507812.5000000          13474665713.67518    
      395898437.5000000          13474665713.67518    
      396289062.5000000          13474665713.67518    
      396679687.5000000          13474665713.67518    
      397070312.5000000          13474665713.67518    
      397460937.5000000          13474665713.67518    
      397851562.5000000          13474665713.67518    
      398242187.5000000          13474665713.67518    
      398632812.5000000          13474665713.67518    
      399023437.5000000          13474665713.67518    
      399414062.5000000          13474665713.67518    
      399804687.5000000          13474665713.67518    
      400195312.5000000          13474665713.67518    
      400585937.5000000          13474665713.67518    
      400976562.5000000          13474665713.67518    
      401367187.5000000          13474665713.67518    
      401757812.5000000          13474665713.67518    
      402148437.5000000          13474665713.67518    
      402539062.5000000          13474665713.67518    
      402929687.5000000          13474665713.67518    
      403320312.5000000          13474665713.67518    
      403710937.5000000          13474665713.67518    
      404101562.5000000          13474665713.67518    
      404492187.5000000          13474665713.67518    
      404882812.5000000          13474665713.67518    
      405273437.5000000          13474665713.67518    
      405664062.5000000          13474665713.67518    
      406054687.5000000          13474665713.67518    
      406445312.5000000          13474665713.67518    
      406835937.5000000          13474665713.67518    
      407226562.5000000          13474665713.67518    
      407617187.5000000          13474665713.67518    
      408007812.5000000          13474665713.67518    
      408398437.5000000          13474665713.67518    
      408789062.5000000          13474665713.67518    
      409179687.5000000          13474665713.67518    
      409570312.5000000          13474665713.67518    
      409960937.5000000          13474665713.67518    
      410351562.5000000          13474665713.67518    
      410742187.5000000          13474665713.67518    
      411132812.5000000          13474665713.67518    
      411523437.5000000          13474665713.67518    
      411914062.5000000          13474665713.67518    
      412304687.5000000          13474665713.67518    
      412695312.5000000          13474665713.67518    
      413085937.5000000          13474665713.67518    
      413476562.5000000          13474665713.67518    
      413867187.5000000          13474665713.67518    
      414257812.5000000          13474665713.67518    
      414648437.5000000          13474665713.67518    
      415039062.5000000          13474665713.67518    
      415429687.5000000          13474665713.67518    
      415820312.5000000          13474665713.67518    
      416210937.5000000          13474665713.67518    
      416601562.5000000          13474665713.67518    
      416992187.5000000          13474665713.67518    
      417382812.5000000          13474665713.67518    
      417773437.5000000          13474665713.67518    
      418164062.5000000          13474665713.67518    
      418554687.5000000          13474665713.67518    
      418945312.5000000          13474665713.67518    
      419335937.5000000          13474665713.67518    
      419726562.5000000          13474665713.67518    
      420117187.5000000          13474665713.67518    
      420507812.5000000          13474665713.67518    
      420898437.5000000          13474665713.67518    
      421289062.5000000          13474665713.67518    
      421679687.5000000          13474665713.67518    
      422070312.5000000          13474665713.67518    
      422460937.5000000          13474665713.67518    
      422851562.5000000          13474665713.67518    
      423242187.5000000          13474665713.67518    
      423632812.5000000          13474665713.67518    
      424023437.5000000          13474665713.67518    
      424414062.5000000          13474665713.67518    
      424804687.5000000          13474665713.67518    
      425195312.5000000          13474665713.67518    
      425585937.5000000          13474665713.67518    
      425976562.5000000          13474665713.67518    
      426367187.5000000          13474665713.67518    
      426757812.5000000          13474665713.67518    
      427148437.5000000          13474665713.67518    
      427539062.5000000          13474665713.67518    
      427929687.5000000          13474665713.67518    
      428320312.5000000          13474665713.67518    
      428710937.5000000          13474665713.67518    
      429101562.5000000          13474665713.67518    
      429492187.5000000          13474665713.67518    
      429882812.5000000          13474665713.67518    
      430273437.5000000          13474665713.67518    
      430664062.5000000          13474665713.67518    
      431054687.5000000          13474665713.67518    
      431445312.5000000          13474665713.67518    
      431835937.5000000          13474665713.67518    
      432226562.5000000          13474665713.67518    
      432617187.5000000          13474665713.67518    
      433007812.5000000          13474665713.67518    
      433398437.5000000          13474665713.67518    
      433789062.5000000          13474665713.67518    
      434179687.5000000          13474665713.67518    
      434570312.5000000          13474665713.67518    
      434960937.5000000          13474665713.67518    
      435351562.5000000          13474665713.67518    
      435742187.5000000          13474665713.67518    
      436132812.5000000          13474665713.67518    
      436523437.5000000          13474665713.67518    
      436914062.5000000          13474665713.67518    
      437304687.5000000          13474665713.67518    
      437695312.5000000          13474665713.67518    
      438085937.5000000          13474665713.67518    
      438476562.5000000          13474665713.67518    
      438867187.5000000          13474665713.67518    
      439257812.5000000          13474665713.67518    
      439648437.5000000          13474665713.67518    
      440039062.5000000          13474665713.67518    
      440429687.5000000          13474665713.67518    
      440820312.5000000          13474665713.67518    
      441210937.5000000          13474665713.67518    
      441601562.5000000          13474665713.67518    
      441992187.5000000          13474665713.67518    
      442382812.5000000          13474665713.67518    
      442773437.5000000          13474665713.67518    
      443164062.5000000          13474665713.67518    
      443554687.5000000          13474665713.67518    
      443945312.5000000          13474665713.67518    
      444335937.5000000          13474665713.67518    
      444726562.5000000          13474665713.67518    
      445117187.5000000          13474665713.67518    
      445507812.5000000          13474665713.67518    
      445898437.5000000          13474665713.67518    
      446289062.5000000          13474665713.67518    
      446679687.5000000          13474665713.67518    
      447070312.5000000          13474665713.67518    
      447460937.5000000          13474665713.67518    
      447851562.5000000          13474665713.67518    
      448242187.5000000          13474665713.67518    
      448632812.5000000          13474665713.67518    
      449023437.5000000          13474665713.67518    
      449414062.5000000          13474665713.67518    
      449804687.5000000          13474665713.67518    
      450195312.5000000          13474665713.67518    
      450585937.5000000          13474665713.67518    
      450976562.5000000          13474665713.67518    
      451367187.5000000          13474665713.67518    
      451757812.5000000          13474665713.67518    
      452148437.5000000          13474665713.67518    
      452539062.5000000          13474665713.67518    
      452929687.5000000          13474665713.67518    
      453320312.5000000          13474665713.67518    
      453710937.5000000          13474665713.67518    
      454101562.5000000          13474665713.67518    
      454492187.5000000          13474665713.67518    
      454882812.5000000          13474665713.67518    
      455273437.5000000          13474665713.67518    
      455664062.5000000          13474665713.67518    
      456054687.5000000          13474665713.67518    
      456445312.5000000          13474665713.67518    
      456835937.5000000          13474665713.67518    
      457226562.5000000          13474665713.67518    
      457617187.5000000          13474665713.67518    
      458007812.5000000          13474665713.67518    
      458398437.5000000          13474665713.67518    
      458789062.5000000          13474665713.67518    
      459179687.5000000          13474665713.67518    
      459570312.5000000          13474665713.67518    
      459960937.5000000          13474665713.67518    
      460351562.5000000          13474665713.67518    
      460742187.5000000          13474665713.67518    
      461132812.5000000          13474665713.67518    
      461523437.5000000          13474665713.67518    
      461914062.5000000          13474665713.67518    
      462304687.5000000          13474665713.67518    
      462695312.5000000          13474665713.67518    
      463085937.5000000          13474665713.67518    
      463476562.5000000          13474665713.67518    
      463867187.5000000          13474665713.67518    
      464257812.5000000          13474665713.67518    
      464648437.5000000          13474665713.67518    
      465039062.5000000          13474665713.67518    
      465429687.5000000          13474665713.67518    
      465820312.5000000          13474665713.67518    
      466210937.5000000          13474665713.67518    
      466601562.5000000          13474665713.67518    
      466992187.5000000          13474665713.67518    
      467382812.5000000          13474665713.67518    
      467773437.5000000          13474665713.67518    
      468164062.5000000          13474665713.67518    
      468554687.5000000          13474665713.67518    
      468945312.5000000          13474665713.67518    
      469335937.5000000          13474665713.67518    
      469726562.5000000          13474665713.67518    
      470117187.5000000          13474665713.67518    
      470507812.5000000          13474665713.67518    
      470898437.5000000          13474665713.67518    
      471289062.5000000          13474665713.67518    
      471679687.5000000          13474665713.67518    
      472070312.5000000          13474665713.67518    
      472460937.5000000          13474665713.67518    
      472851562.5000000          13474665713.67518    
      473242187.5000000          13474665713.67518    
      473632812.5000000          13474665713.67518    
      474023437.5000000          13474665713.67518    
      474414062.5000000          13474665713.67518    
      474804687.5000000          13474665713.67518    
      475195312.5000000          13474665713.67518    
      475585937.5000000          13474665713.67518    
      475976562.5000000          13474665713.67518    
      476367187.5000000          13474665713.67518    
      476757812.5000000          13474665713.67518    
      477148437.5000000          13474665713.67518    
      477539062.5000000          13474665713.67518    
      477929687.5000000          13474665713.67518    
      478320312.5000000          13474665713.67518    
      478710937.5000000          13474665713.67518    
      479101562.5000000          13474665713.67518    
      479492187.5000000          13474665713.67518    
      479882812.5000000          13474665713.67518    
      480273437.5000000          13474665713.67518    
      480664062.5000000          13474665713.67518    
      481054687.5000000          13474665713.67518    
      481445312.5000000          13474665713.67518    
      481835937.5000000          13474665713.67518    
      482226562.5000000          13474665713.67518    
      482617187.5000000          13474665713.67518    
      483007812.5000000          13474665713.67518    
      483398437.5000000          13474665713.67518    
      483789062.5000000          13474665713.67518    
      484179687.5000000          13474665713.67518    
      484570312.5000000          13474665713.67518    
      484960937.5000000          13474665713.67518    
      485351562.5000000          13474665713.67518    
      485742187.5000000          13474665713.67518    
      486132812.5000000          13474665713.67518    
      486523437.5000000          13474665713.67518    
      486914062.5000000          13474665713.67518    
      487304687.5000000          13474665713.67518    
      487695312.5000000          13474665713.67518    
      488085937.5000000          13474665713.67518    
      488476562.5000000          13474665713.67518    
      488867187.5000000          13474665713.67518    
      489257812.5000000          13474665713.67518    
      489648437.5000000          13474665713.67518    
      490039062.5000000          13474665713.67518    
      490429687.5000000          13474665713.67518    
      490820312.5000000          13474665713.67518    
      491210937.5000000          13474665713.67518    
      491601562.5000000          13474665713.67518    
      491992187.5000000          13474665713.67518    
      492382812.5000000          13474665713.67518    
      492773437.5000000          13474665713.67518    
      493164062.5000000          13474665713.67518    
      493554687.5000000          13474665713.67518    
      493945312.5000000          13474665713.67518    
      494335937.5000000          13474665713.67518    
      494726562.5000000          13474665713.67518    
      495117187.5000000          13474665713.67518    
      495507812.5000000          13474665713.67518    
      495898437.5000000          13474665713.67518    
      496289062.5000000          13474665713.67518    
      496679687.5000000          13474665713.67518    
      497070312.5000000          13474665713.67518    
      497460937.5000000          13474665713.67518    
      497851562.5000000          13474665713.67518    
      498242187.5000000          13474665713.67518    
      498632812.5000000          13474665713.67518    
      499023437.5000000          13474665713.67518    
      499414062.5000000          13474665713.67518    
      499804687.5000000          13474665713.67518    
