      195312.5000000000          39314182.83965960    
      585937.5000000000          39352342.24822713    
      976562.5000000000          39428387.82595930    
      1367187.500000000          39541841.22310769    
      1757812.500000000          39691684.29686816    
      2148437.500000000          39876350.03898517    
      2539062.500000000          40093629.18191677    
      2929687.500000000          40340213.12083414    
      3320312.500000000          40623241.79551668    
      3710937.500000000          40933552.12943570    
      4101562.500000000          41254207.04100148    
      4492187.500000000          41583264.16077101    
      4882812.500000000          41915278.26802211    
      5273437.500000000          42259481.73757283    
      5664062.500000000          42696509.48495647    
      6054687.500000000          43173304.99399322    
      6445312.500000000          43642545.47790735    
      6835937.500000000          44294793.87693187    
      7226562.500000000          45863020.40271097    
      7617187.500000000          45860672.06527498    
      8007812.500000000          43938054.14008104    
      8398437.500000000          43121518.64528722    
      8789062.500000000          41651543.23560401    
      9179687.500000000          39122643.63424425    
      9570312.500000000          36613664.18796783    
      9960937.500000000          34771347.43227676    
      10351562.50000000          33531594.91915950    
      10742187.50000000          32725947.81120484    
      11132812.50000000          32224064.17931589    
      11523437.50000000          31965929.17149542    
      11914062.50000000          31830063.07861169    
      12304687.50000000          31771828.66197124    
      12695312.50000000          31757647.30668169    
      13085937.50000000          31767913.44020347    
      13476562.50000000          31791895.10879838    
      13867187.50000000          31824279.45297519    
      14257812.50000000          31861083.86282207    
      14648437.50000000          31901145.19083671    
      15039062.50000000          31942962.27085440    
      15429687.50000000          31986112.98718531    
      15820312.50000000          32030596.45827017    
      16210937.50000000          32075873.16431371    
      16601562.50000000          32121351.75643407    
      16992187.50000000          32169074.77593301    
      17382812.50000000          32217111.69531615    
      17773437.50000000          32263172.55023542    
      18164062.50000000          32321994.72051459    
      18554687.50000000          32363448.05746811    
      18945312.50000000          32416164.48409860    
      19335937.50000000          32480520.64854678    
      19726562.50000000          32523410.00097610    
      20117187.50000000          32577959.00750150    
      20507812.50000000          32633512.21510958    
      20898437.50000000          32690097.25372496    
      21289062.50000000          32747572.99725859    
      21679687.50000000          32805631.73862776    
      22070312.50000000          32864761.66875631    
      22460937.50000000          32924663.75059780    
      22851562.50000000          32985442.96464677    
      23242187.50000000          33047171.92888507    
      23632812.50000000          33109628.10209769    
      24023437.50000000          33172795.40819704    
      24414062.50000000          33236875.81189103    
      24804687.50000000          33301761.46541989    
      25195312.50000000          33367439.43166185    
      25585937.50000000          33433855.61136932    
      25976562.50000000          33501037.73825135    
      26367187.50000000          33568986.70301467    
      26757812.50000000          33637691.54583936    
      27148437.50000000          33707141.77839561    
      27539062.50000000          33777327.06365673    
      27929687.50000000          33848237.56159253    
      28320312.50000000          33919864.05123515    
      28710937.50000000          33992229.49789037    
      29101562.50000000          34065261.15031627    
      29492187.50000000          34138942.94998124    
      29882812.50000000          34213343.76868381    
      30273437.50000000          34288419.92451280    
      30664062.50000000          34364163.40251017    
      31054687.50000000          34440566.16908316    
      31445312.50000000          34517620.40626617    
      31835937.50000000          34595319.02286000    
      32226562.50000000          34673655.12278379    
      32617187.50000000          34752621.54086622    
      33007812.50000000          34832210.89853889    
      33398437.50000000          34912435.76780501    
      33789062.50000000          34993214.19965128    
      34179687.50000000          35074625.63618357    
      34570312.50000000          35156633.53785121    
      34960937.50000000          35239231.54620700    
      35351562.50000000          35322426.86916378    
      35742187.50000000          35406160.05485442    
      36132812.50000000          35490483.63415095    
      36523437.50000000          35575372.18223379    
      36914062.50000000          35660820.16703278    
      37304687.50000000          35746817.79955068    
      37695312.50000000          35833363.95867536    
      38085937.50000000          35920448.46284932    
      38476562.50000000          36008067.51130767    
      38867187.50000000          36096221.27697098    
      39257812.50000000          36184900.46568877    
      39648437.50000000          36274098.39677355    
      40039062.50000000          36363813.59383284    
      40429687.50000000          36454040.48193976    
      40820312.50000000          36544773.62409168    
      41210937.50000000          36636009.15893260    
      41601562.50000000          36727746.47635907    
      41992187.50000000          36819977.06930137    
      42382812.50000000          36912692.24824979    
      42773437.50000000          37005901.63788123    
      43164062.50000000          37099591.85544902    
      43554687.50000000          37193762.15773180    
      43945312.50000000          37288406.22572960    
      44335937.50000000          37383519.10871925    
      44726562.50000000          37479105.04228863    
      45117187.50000000          37575158.34931643    
      45507812.50000000          37671669.97589201    
      45898437.50000000          37768645.88043894    
      46289062.50000000          37866082.86714952    
      46679687.50000000          37963967.81836378    
      47070312.50000000          38062311.40332058    
      47460937.50000000          38161106.22534009    
      47851562.50000000          38260373.81323829    
      48242187.50000000          38360075.01135045    
      48632812.50000000          38460177.16853086    
      49023437.50000000          38560747.22554705    
      49414062.50000000          38661776.06453615    
      49804687.50000000          38763231.83809915    
      50195312.50000000          38865173.52114724    
      50585937.50000000          38967498.68472628    
      50976562.50000000          39070295.16410223    
      51367187.50000000          39173483.18928155    
      51757812.50000000          39277136.83416363    
      52148437.50000000          39381231.57932758    
      52539062.50000000          39485789.52989640    
      52929687.50000000          39590753.30903491    
      53320312.50000000          39696101.56300041    
      53710937.50000000          39801996.56035528    
      54101562.50000000          39908337.45151274    
      54492187.50000000          40015005.36041327    
      54882812.50000000          40122157.59049517    
      55273437.50000000          40229755.84646127    
      55664062.50000000          40337774.00657084    
      56054687.50000000          40446183.83447041    
      56445312.50000000          40555039.25654208    
      56835937.50000000          40664483.33840475    
      57226562.50000000          40774234.95960309    
      57617187.50000000          40884392.57536194    
      58007812.50000000          40995193.22248802    
      58398437.50000000          41106314.60635909    
      58789062.50000000          41217790.84760962    
      59179687.50000000          41330021.97866365    
      59570312.50000000          41442526.97025687    
      59960937.50000000          41555461.79354364    
      60351562.50000000          41668884.19183246    
      60742187.50000000          41782731.28283641    
      61132812.50000000          41897017.01013932    
      61523437.50000000          42011955.20639423    
      61914062.50000000          42127246.42698164    
      62304687.50000000          42243088.63750712    
      62695312.50000000          42359468.75450300    
      63085937.50000000          42476328.43036652    
      63476562.50000000          42593555.53125333    
      63867187.50000000          42711276.12758950    
      64257812.50000000          42829500.36605631    
      64648437.50000000          42948299.42999533    
      65039062.50000000          43067544.62993766    
      65429687.50000000          43187357.70957689    
      65820312.50000000          43307779.42152751    
      66210937.50000000          43428689.45634973    
      66601562.50000000          43550142.44434358    
      66992187.50000000          43672284.74759243    
      67382812.50000000          43794823.37337360    
      67773437.50000000          43917829.42030473    
      68164062.50000000          44041526.10764685    
      68554687.50000000          44165806.38270586    
      68945312.50000000          44290678.74197685    
      69335937.50000000          44416151.90089086    
      69726562.50000000          44542289.87724365    
      70117187.50000000          44669042.74813879    
      70507812.50000000          44796316.01074540    
      70898437.50000000          44924242.34030439    
      71289062.50000000          45052849.86040071    
      71679687.50000000          45182134.14396469    
      72070312.50000000          45312115.22020912    
      72460937.50000000          45442799.89585076    
      72851562.50000000          45574182.73362270    
      73242187.50000000          45706304.01048911    
      73632812.50000000          45839128.06832559    
      74023437.50000000          45972657.89762087    
      74414062.50000000          46106973.84238398    
      74804687.50000000          46242049.29740178    
      75195312.50000000          46378027.22675241    
      75585937.50000000          46514659.85638643    
      75976562.50000000          46652284.72670483    
      76367187.50000000          46790813.80957048    
      76757812.50000000          46929988.89232755    
      77148437.50000000          47070016.26259117    
      77539062.50000000          47211208.91204201    
      77929687.50000000          47353141.88499038    
      78320312.50000000          47495970.05922271    
      78710937.50000000          47639951.87695911    
      79101562.50000000          47784891.66013245    
      79492187.50000000          47930894.96865959    
      79882812.50000000          48077778.62786537    
      80273437.50000000          48225881.76673838    
      80664062.50000000          48375047.35590986    
      81054687.50000000          48525347.40868350    
      81445312.50000000          48676752.53624963    
      81835937.50000000          48829455.61331695    
      82226562.50000000          48983313.33625532    
      82617187.50000000          49138533.90035420    
      83007812.50000000          49295163.16090569    
      83398437.50000000          49452879.00266723    
      83789062.50000000          49611886.75570872    
      84179687.50000000          49772521.39974147    
      84570312.50000000          49934576.27012232    
      84960937.50000000          50098023.76468655    
      85351562.50000000          50263126.84249304    
      85742187.50000000          50429874.65315539    
      86132812.50000000          50598268.74994977    
      86523437.50000000          50768253.06574602    
      86914062.50000000          50940025.72276689    
      87304687.50000000          51113646.64407332    
      87695312.50000000          51289016.50743603    
      88085937.50000000          51466400.08542895    
      88476562.50000000          51645857.06672361    
      88867187.50000000          51827315.77430964    
      89257812.50000000          52010887.43445898    
      89648437.50000000          52196632.77725608    
      90039062.50000000          52384748.19802693    
      90429687.50000000          52575015.43837269    
      90820312.50000000          52767928.03082056    
      91210937.50000000          52963425.81523330    
      91601562.50000000          53161460.93244101    
      91992187.50000000          53362166.64666184    
      92382812.50000000          53565631.40296725    
      92773437.50000000          53772114.75242829    
      93164062.50000000          53981524.72760024    
      93554687.50000000          54194128.46369633    
      93945312.50000000          54409952.60243271    
      94335937.50000000          54629136.48570865    
      94726562.50000000          54851660.58663336    
      95117187.50000000          55077903.74060792    
      95507812.50000000          55307961.49666347    
      95898437.50000000          55541917.85896637    
      96289062.50000000          55779853.98510246    
      96679687.50000000          56022098.30937741    
      97070312.50000000          56268568.43699931    
      97460937.50000000          56519475.99981522    
      97851562.50000000          56775345.17205223    
      98242187.50000000          57036057.50873529    
      98632812.50000000          57301498.64465874    
      99023437.50000000          57572654.70562162    
      99414062.50000000          57849315.53562050    
      99804687.50000000          58131385.70362249    
      100195312.5000000          58419419.99226243    
      100585937.5000000          58713512.10304537    
      100976562.5000000          59014719.53902807    
      101367187.5000000          59322147.00703081    
      101757812.5000000          59636509.80753191    
      102148437.5000000          59958023.27184720    
      102539062.5000000          60287224.98159933    
      102929687.5000000          60624297.80867128    
      103320312.5000000          60969513.42075937    
      103710937.5000000          61323001.15562439    
      104101562.5000000          61685808.44709469    
      104492187.5000000          62057457.69248695    
      104882812.5000000          62438996.22822440    
      105273437.5000000          62828933.70060890    
      105664062.5000000          63232145.91479341    
      106054687.5000000          63644221.72792781    
      106445312.5000000          64068402.04304099    
      106835937.5000000          64504329.44294389    
      107226562.5000000          64951941.03594673    
      107617187.5000000          65412718.40659808    
      108007812.5000000          65886883.95438242    
      108398437.5000000          66374503.61875921    
      108789062.5000000          66876438.90153833    
      109179687.5000000          67393620.41576344    
      109570312.5000000          67923423.26179239    
      109960937.5000000          68474242.69411278    
      110351562.5000000          69038191.03924218    
      110742187.5000000          69620987.65308429    
      111132812.5000000          70220836.30359676    
      111523437.5000000          70837466.76808845    
      111914062.5000000          71474992.89851077    
      112304687.5000000          72130926.88403234    
      112695312.5000000          72806248.82529235    
      113085937.5000000          73501898.18468904    
      113476562.5000000          74216371.56028533    
      113867187.5000000          74954274.55502944    
      114257812.5000000          75711762.00872025    
      114648437.5000000          76491623.68464769    
      115039062.5000000          77290685.52586947    
      115429687.5000000          78114274.61256759    
      115820312.5000000          78961036.30825031    
      116210937.5000000          79825362.80930033    
      116601562.5000000          80717340.68867402    
      116992187.5000000          81630195.65709846    
      117382812.5000000          82565907.73313837    
      117773437.5000000          83523411.06168777    
      118164062.5000000          84505198.68523596    
      118554687.5000000          85509907.91201678    
      118945312.5000000          86535732.95899071    
      119335937.5000000          87586961.55962546    
      119726562.5000000          88657346.35953325    
      120117187.5000000          89751248.80244151    
      120507812.5000000          90867383.14710216    
      120898437.5000000          92004956.33765107    
      121289062.5000000          93166470.20293777    
      121679687.5000000          94358852.31706077    
      122070312.5000000          95593856.14586525    
      122460937.5000000          96879350.95020963    
      122851562.5000000          98204728.05236368    
      123242187.5000000          99569194.68525302    
      123632812.5000000          100968276.0698950    
      124023437.5000000          102398479.1230962    
      124414062.5000000          103856635.0486294    
      124804687.5000000          105342298.6209298    
      125195312.5000000          106854417.6150583    
      125585937.5000000          108392166.7898002    
      125976562.5000000          109956705.2889625    
      126367187.5000000          111549617.0287977    
      126757812.5000000          113172197.5816310    
      127148437.5000000          114828070.7053829    
      127539062.5000000          116518676.8019411    
      127929687.5000000          118248703.7150975    
      128320312.5000000          120022341.3211104    
      128710937.5000000          121843007.8873225    
      129101562.5000000          123713701.2733854    
      129492187.5000000          125645692.5438796    
      129882812.5000000          127636717.4737181    
      130273437.5000000          129700048.3045663    
      130664062.5000000          131841464.9478701    
      131054687.5000000          134071296.5034149    
      131445312.5000000          136388073.6984454    
      131835937.5000000          138812724.0579147    
      132226562.5000000          141351772.0995696    
      132617187.5000000          144016592.3739453    
      133007812.5000000          146817024.4574541    
      133398437.5000000          149767540.4570183    
      133789062.5000000          152883777.9820205    
      134179687.5000000          156180466.9518622    
      134570312.5000000          159672927.5500569    
      134960937.5000000          163377398.1561408    
      135351562.5000000          167312332.5319917    
      135742187.5000000          171496437.7967466    
      136132812.5000000          175946511.5346782    
      136523437.5000000          180683201.6660767    
      136914062.5000000          185727935.3897325    
      137304687.5000000          191080634.5135145    
      137695312.5000000          196775938.0733835    
      138085937.5000000          202820686.2160394    
      138476562.5000000          209189501.6307851    
      138867187.5000000          215961743.9385244    
      139257812.5000000          223107442.9205320    
      139648437.5000000          230634763.5381617    
      140039062.5000000          238533579.6817361    
      140429687.5000000          246818009.6002866    
      140820312.5000000          255484770.9331012    
      141210937.5000000          264511153.1556094    
      141601562.5000000          273923969.2203661    
      141992187.5000000          283652587.4888042    
      142382812.5000000          293721271.5581893    
      142773437.5000000          304105108.2049797    
      143164062.5000000          314833048.5700042    
      143554687.5000000          325947600.3676495    
      143945312.5000000          337557342.8529538    
      144335937.5000000          349762417.7353306    
      144726562.5000000          362781997.5711836    
      145117187.5000000          111486731.3491244    
      145507812.5000000          13471397273.63008    
      145898437.5000000          13471397273.63008    
      146289062.5000000          13471397273.63008    
      146679687.5000000          13471397273.63008    
      147070312.5000000          13471397273.63008    
      147460937.5000000          13471397273.63008    
      147851562.5000000          13471397273.63008    
      148242187.5000000          13471397273.63008    
      148632812.5000000          13471397273.63008    
      149023437.5000000          13471397273.63008    
      149414062.5000000          13471397273.63008    
      149804687.5000000          13471397273.63008    
      150195312.5000000          13471397273.63008    
      150585937.5000000          13471397273.63008    
      150976562.5000000          13471397273.63008    
      151367187.5000000          13471397273.63008    
      151757812.5000000          13471397273.63008    
      152148437.5000000          13471397273.63008    
      152539062.5000000          13471397273.63008    
      152929687.5000000          13471397273.63008    
      153320312.5000000          13471397273.63008    
      153710937.5000000          13471397273.63008    
      154101562.5000000          13471397273.63008    
      154492187.5000000          13471397273.63008    
      154882812.5000000          13471397273.63008    
      155273437.5000000          13471397273.63008    
      155664062.5000000          13471397273.63008    
      156054687.5000000          13471397273.63008    
      156445312.5000000          13471397273.63008    
      156835937.5000000          13471397273.63008    
      157226562.5000000          13471397273.63008    
      157617187.5000000          13471397273.63008    
      158007812.5000000          13471397273.63008    
      158398437.5000000          13471397273.63008    
      158789062.5000000          13471397273.63008    
      159179687.5000000          13471397273.63008    
      159570312.5000000          13471397273.63008    
      159960937.5000000          13471397273.63008    
      160351562.5000000          13471397273.63008    
      160742187.5000000          13471397273.63008    
      161132812.5000000          13471397273.63008    
      161523437.5000000          13471397273.63008    
      161914062.5000000          13471397273.63008    
      162304687.5000000          13471397273.63008    
      162695312.5000000          13471397273.63008    
      163085937.5000000          13471397273.63008    
      163476562.5000000          13471397273.63008    
      163867187.5000000          13471397273.63008    
      164257812.5000000          13471397273.63008    
      164648437.5000000          13471397273.63008    
      165039062.5000000          13471397273.63008    
      165429687.5000000          13471397273.63008    
      165820312.5000000          13471397273.63008    
      166210937.5000000          13471397273.63008    
      166601562.5000000          13471397273.63008    
      166992187.5000000          13471397273.63008    
      167382812.5000000          13471397273.63008    
      167773437.5000000          13471397273.63008    
      168164062.5000000          13471397273.63008    
      168554687.5000000          13471397273.63008    
      168945312.5000000          13471397273.63008    
      169335937.5000000          13471397273.63008    
      169726562.5000000          13471397273.63008    
      170117187.5000000          13471397273.63008    
      170507812.5000000          13471397273.63008    
      170898437.5000000          13471397273.63008    
      171289062.5000000          13471397273.63008    
      171679687.5000000          13471397273.63008    
      172070312.5000000          13471397273.63008    
      172460937.5000000          13471397273.63008    
      172851562.5000000          13471397273.63008    
      173242187.5000000          13471397273.63008    
      173632812.5000000          13471397273.63008    
      174023437.5000000          13471397273.63008    
      174414062.5000000          13471397273.63008    
      174804687.5000000          13471397273.63008    
      175195312.5000000          13471397273.63008    
      175585937.5000000          13471397273.63008    
      175976562.5000000          13471397273.63008    
      176367187.5000000          13471397273.63008    
      176757812.5000000          13471397273.63008    
      177148437.5000000          13471397273.63008    
      177539062.5000000          13471397273.63008    
      177929687.5000000          13471397273.63008    
      178320312.5000000          13471397273.63008    
      178710937.5000000          13471397273.63008    
      179101562.5000000          13471397273.63008    
      179492187.5000000          13471397273.63008    
      179882812.5000000          13471397273.63008    
      180273437.5000000          13471397273.63008    
      180664062.5000000          13471397273.63008    
      181054687.5000000          13471397273.63008    
      181445312.5000000          13471397273.63008    
      181835937.5000000          13471397273.63008    
      182226562.5000000          13471397273.63008    
      182617187.5000000          13471397273.63008    
      183007812.5000000          13471397273.63008    
      183398437.5000000          13471397273.63008    
      183789062.5000000          13471397273.63008    
      184179687.5000000          13471397273.63008    
      184570312.5000000          13471397273.63008    
      184960937.5000000          13471397273.63008    
      185351562.5000000          13471397273.63008    
      185742187.5000000          13471397273.63008    
      186132812.5000000          13471397273.63008    
      186523437.5000000          13471397273.63008    
      186914062.5000000          13471397273.63008    
      187304687.5000000          13471397273.63008    
      187695312.5000000          13471397273.63008    
      188085937.5000000          13471397273.63008    
      188476562.5000000          13471397273.63008    
      188867187.5000000          13471397273.63008    
      189257812.5000000          13471397273.63008    
      189648437.5000000          13471397273.63008    
      190039062.5000000          13471397273.63008    
      190429687.5000000          13471397273.63008    
      190820312.5000000          13471397273.63008    
      191210937.5000000          13471397273.63008    
      191601562.5000000          13471397273.63008    
      191992187.5000000          13471397273.63008    
      192382812.5000000          13471397273.63008    
      192773437.5000000          13471397273.63008    
      193164062.5000000          13471397273.63008    
      193554687.5000000          13471397273.63008    
      193945312.5000000          13471397273.63008    
      194335937.5000000          13471397273.63008    
      194726562.5000000          13471397273.63008    
      195117187.5000000          13471397273.63008    
      195507812.5000000          13471397273.63008    
      195898437.5000000          13471397273.63008    
      196289062.5000000          13471397273.63008    
      196679687.5000000          13471397273.63008    
      197070312.5000000          13471397273.63008    
      197460937.5000000          13471397273.63008    
      197851562.5000000          13471397273.63008    
      198242187.5000000          13471397273.63008    
      198632812.5000000          13471397273.63008    
      199023437.5000000          13471397273.63008    
      199414062.5000000          13471397273.63008    
      199804687.5000000          13471397273.63008    
      200195312.5000000          13471397273.63008    
      200585937.5000000          13471397273.63008    
      200976562.5000000          13471397273.63008    
      201367187.5000000          13471397273.63008    
      201757812.5000000          13471397273.63008    
      202148437.5000000          13471397273.63008    
      202539062.5000000          13471397273.63008    
      202929687.5000000          13471397273.63008    
      203320312.5000000          13471397273.63008    
      203710937.5000000          13471397273.63008    
      204101562.5000000          13471397273.63008    
      204492187.5000000          13471397273.63008    
      204882812.5000000          13471397273.63008    
      205273437.5000000          13471397273.63008    
      205664062.5000000          13471397273.63008    
      206054687.5000000          13471397273.63008    
      206445312.5000000          13471397273.63008    
      206835937.5000000          13471397273.63008    
      207226562.5000000          13471397273.63008    
      207617187.5000000          13471397273.63008    
      208007812.5000000          13471397273.63008    
      208398437.5000000          13471397273.63008    
      208789062.5000000          13471397273.63008    
      209179687.5000000          13471397273.63008    
      209570312.5000000          13471397273.63008    
      209960937.5000000          13471397273.63008    
      210351562.5000000          13471397273.63008    
      210742187.5000000          13471397273.63008    
      211132812.5000000          13471397273.63008    
      211523437.5000000          13471397273.63008    
      211914062.5000000          13471397273.63008    
      212304687.5000000          13471397273.63008    
      212695312.5000000          13471397273.63008    
      213085937.5000000          13471397273.63008    
      213476562.5000000          13471397273.63008    
      213867187.5000000          13471397273.63008    
      214257812.5000000          13471397273.63008    
      214648437.5000000          13471397273.63008    
      215039062.5000000          13471397273.63008    
      215429687.5000000          13471397273.63008    
      215820312.5000000          13471397273.63008    
      216210937.5000000          13471397273.63008    
      216601562.5000000          13471397273.63008    
      216992187.5000000          13471397273.63008    
      217382812.5000000          13471397273.63008    
      217773437.5000000          13471397273.63008    
      218164062.5000000          13471397273.63008    
      218554687.5000000          13471397273.63008    
      218945312.5000000          13471397273.63008    
      219335937.5000000          13471397273.63008    
      219726562.5000000          13471397273.63008    
      220117187.5000000          13471397273.63008    
      220507812.5000000          13471397273.63008    
      220898437.5000000          13471397273.63008    
      221289062.5000000          13471397273.63008    
      221679687.5000000          13471397273.63008    
      222070312.5000000          13471397273.63008    
      222460937.5000000          13471397273.63008    
      222851562.5000000          13471397273.63008    
      223242187.5000000          13471397273.63008    
      223632812.5000000          13471397273.63008    
      224023437.5000000          13471397273.63008    
      224414062.5000000          13471397273.63008    
      224804687.5000000          13471397273.63008    
      225195312.5000000          13471397273.63008    
      225585937.5000000          13471397273.63008    
      225976562.5000000          13471397273.63008    
      226367187.5000000          13471397273.63008    
      226757812.5000000          13471397273.63008    
      227148437.5000000          13471397273.63008    
      227539062.5000000          13471397273.63008    
      227929687.5000000          13471397273.63008    
      228320312.5000000          13471397273.63008    
      228710937.5000000          13471397273.63008    
      229101562.5000000          13471397273.63008    
      229492187.5000000          13471397273.63008    
      229882812.5000000          13471397273.63008    
      230273437.5000000          13471397273.63008    
      230664062.5000000          13471397273.63008    
      231054687.5000000          13471397273.63008    
      231445312.5000000          13471397273.63008    
      231835937.5000000          13471397273.63008    
      232226562.5000000          13471397273.63008    
      232617187.5000000          13471397273.63008    
      233007812.5000000          13471397273.63008    
      233398437.5000000          13471397273.63008    
      233789062.5000000          13471397273.63008    
      234179687.5000000          13471397273.63008    
      234570312.5000000          13471397273.63008    
      234960937.5000000          13471397273.63008    
      235351562.5000000          13471397273.63008    
      235742187.5000000          13471397273.63008    
      236132812.5000000          13471397273.63008    
      236523437.5000000          13471397273.63008    
      236914062.5000000          13471397273.63008    
      237304687.5000000          13471397273.63008    
      237695312.5000000          13471397273.63008    
      238085937.5000000          13471397273.63008    
      238476562.5000000          13471397273.63008    
      238867187.5000000          13471397273.63008    
      239257812.5000000          13471397273.63008    
      239648437.5000000          13471397273.63008    
      240039062.5000000          13471397273.63008    
      240429687.5000000          13471397273.63008    
      240820312.5000000          13471397273.63008    
      241210937.5000000          13471397273.63008    
      241601562.5000000          13471397273.63008    
      241992187.5000000          13471397273.63008    
      242382812.5000000          13471397273.63008    
      242773437.5000000          13471397273.63008    
      243164062.5000000          13471397273.63008    
      243554687.5000000          13471397273.63008    
      243945312.5000000          13471397273.63008    
      244335937.5000000          13471397273.63008    
      244726562.5000000          13471397273.63008    
      245117187.5000000          13471397273.63008    
      245507812.5000000          13471397273.63008    
      245898437.5000000          13471397273.63008    
      246289062.5000000          13471397273.63008    
      246679687.5000000          13471397273.63008    
      247070312.5000000          13471397273.63008    
      247460937.5000000          13471397273.63008    
      247851562.5000000          13471397273.63008    
      248242187.5000000          13471397273.63008    
      248632812.5000000          13471397273.63008    
      249023437.5000000          13471397273.63008    
      249414062.5000000          13471397273.63008    
      249804687.5000000          13471397273.63008    
      250195312.5000000          13471397273.63008    
      250585937.5000000          13471397273.63008    
      250976562.5000000          13471397273.63008    
      251367187.5000000          13471397273.63008    
      251757812.5000000          13471397273.63008    
      252148437.5000000          13471397273.63008    
      252539062.5000000          13471397273.63008    
      252929687.5000000          13471397273.63008    
      253320312.5000000          13471397273.63008    
      253710937.5000000          13471397273.63008    
      254101562.5000000          13471397273.63008    
      254492187.5000000          13471397273.63008    
      254882812.5000000          13471397273.63008    
      255273437.5000000          13471397273.63008    
      255664062.5000000          13471397273.63008    
      256054687.5000000          13471397273.63008    
      256445312.5000000          13471397273.63008    
      256835937.5000000          13471397273.63008    
      257226562.5000000          13471397273.63008    
      257617187.5000000          13471397273.63008    
      258007812.5000000          13471397273.63008    
      258398437.5000000          13471397273.63008    
      258789062.5000000          13471397273.63008    
      259179687.5000000          13471397273.63008    
      259570312.5000000          13471397273.63008    
      259960937.5000000          13471397273.63008    
      260351562.5000000          13471397273.63008    
      260742187.5000000          13471397273.63008    
      261132812.5000000          13471397273.63008    
      261523437.5000000          13471397273.63008    
      261914062.5000000          13471397273.63008    
      262304687.5000000          13471397273.63008    
      262695312.5000000          13471397273.63008    
      263085937.5000000          13471397273.63008    
      263476562.5000000          13471397273.63008    
      263867187.5000000          13471397273.63008    
      264257812.5000000          13471397273.63008    
      264648437.5000000          13471397273.63008    
      265039062.5000000          13471397273.63008    
      265429687.5000000          13471397273.63008    
      265820312.5000000          13471397273.63008    
      266210937.5000000          13471397273.63008    
      266601562.5000000          13471397273.63008    
      266992187.5000000          13471397273.63008    
      267382812.5000000          13471397273.63008    
      267773437.5000000          13471397273.63008    
      268164062.5000000          13471397273.63008    
      268554687.5000000          13471397273.63008    
      268945312.5000000          13471397273.63008    
      269335937.5000000          13471397273.63008    
      269726562.5000000          13471397273.63008    
      270117187.5000000          13471397273.63008    
      270507812.5000000          13471397273.63008    
      270898437.5000000          13471397273.63008    
      271289062.5000000          13471397273.63008    
      271679687.5000000          13471397273.63008    
      272070312.5000000          13471397273.63008    
      272460937.5000000          13471397273.63008    
      272851562.5000000          13471397273.63008    
      273242187.5000000          13471397273.63008    
      273632812.5000000          13471397273.63008    
      274023437.5000000          13471397273.63008    
      274414062.5000000          13471397273.63008    
      274804687.5000000          13471397273.63008    
      275195312.5000000          13471397273.63008    
      275585937.5000000          13471397273.63008    
      275976562.5000000          13471397273.63008    
      276367187.5000000          13471397273.63008    
      276757812.5000000          13471397273.63008    
      277148437.5000000          13471397273.63008    
      277539062.5000000          13471397273.63008    
      277929687.5000000          13471397273.63008    
      278320312.5000000          13471397273.63008    
      278710937.5000000          13471397273.63008    
      279101562.5000000          13471397273.63008    
      279492187.5000000          13471397273.63008    
      279882812.5000000          13471397273.63008    
      280273437.5000000          13471397273.63008    
      280664062.5000000          13471397273.63008    
      281054687.5000000          13471397273.63008    
      281445312.5000000          13471397273.63008    
      281835937.5000000          13471397273.63008    
      282226562.5000000          13471397273.63008    
      282617187.5000000          13471397273.63008    
      283007812.5000000          13471397273.63008    
      283398437.5000000          13471397273.63008    
      283789062.5000000          13471397273.63008    
      284179687.5000000          13471397273.63008    
      284570312.5000000          13471397273.63008    
      284960937.5000000          13471397273.63008    
      285351562.5000000          13471397273.63008    
      285742187.5000000          13471397273.63008    
      286132812.5000000          13471397273.63008    
      286523437.5000000          13471397273.63008    
      286914062.5000000          13471397273.63008    
      287304687.5000000          13471397273.63008    
      287695312.5000000          13471397273.63008    
      288085937.5000000          13471397273.63008    
      288476562.5000000          13471397273.63008    
      288867187.5000000          13471397273.63008    
      289257812.5000000          13471397273.63008    
      289648437.5000000          13471397273.63008    
      290039062.5000000          13471397273.63008    
      290429687.5000000          13471397273.63008    
      290820312.5000000          13471397273.63008    
      291210937.5000000          13471397273.63008    
      291601562.5000000          13471397273.63008    
      291992187.5000000          13471397273.63008    
      292382812.5000000          13471397273.63008    
      292773437.5000000          13471397273.63008    
      293164062.5000000          13471397273.63008    
      293554687.5000000          13471397273.63008    
      293945312.5000000          13471397273.63008    
      294335937.5000000          13471397273.63008    
      294726562.5000000          13471397273.63008    
      295117187.5000000          13471397273.63008    
      295507812.5000000          13471397273.63008    
      295898437.5000000          13471397273.63008    
      296289062.5000000          13471397273.63008    
      296679687.5000000          13471397273.63008    
      297070312.5000000          13471397273.63008    
      297460937.5000000          13471397273.63008    
      297851562.5000000          13471397273.63008    
      298242187.5000000          13471397273.63008    
      298632812.5000000          13471397273.63008    
      299023437.5000000          13471397273.63008    
      299414062.5000000          13471397273.63008    
      299804687.5000000          13471397273.63008    
      300195312.5000000          13471397273.63008    
      300585937.5000000          13471397273.63008    
      300976562.5000000          13471397273.63008    
      301367187.5000000          13471397273.63008    
      301757812.5000000          13471397273.63008    
      302148437.5000000          13471397273.63008    
      302539062.5000000          13471397273.63008    
      302929687.5000000          13471397273.63008    
      303320312.5000000          13471397273.63008    
      303710937.5000000          13471397273.63008    
      304101562.5000000          13471397273.63008    
      304492187.5000000          13471397273.63008    
      304882812.5000000          13471397273.63008    
      305273437.5000000          13471397273.63008    
      305664062.5000000          13471397273.63008    
      306054687.5000000          13471397273.63008    
      306445312.5000000          13471397273.63008    
      306835937.5000000          13471397273.63008    
      307226562.5000000          13471397273.63008    
      307617187.5000000          13471397273.63008    
      308007812.5000000          13471397273.63008    
      308398437.5000000          13471397273.63008    
      308789062.5000000          13471397273.63008    
      309179687.5000000          13471397273.63008    
      309570312.5000000          13471397273.63008    
      309960937.5000000          13471397273.63008    
      310351562.5000000          13471397273.63008    
      310742187.5000000          13471397273.63008    
      311132812.5000000          13471397273.63008    
      311523437.5000000          13471397273.63008    
      311914062.5000000          13471397273.63008    
      312304687.5000000          13471397273.63008    
      312695312.5000000          13471397273.63008    
      313085937.5000000          13471397273.63008    
      313476562.5000000          13471397273.63008    
      313867187.5000000          13471397273.63008    
      314257812.5000000          13471397273.63008    
      314648437.5000000          13471397273.63008    
      315039062.5000000          13471397273.63008    
      315429687.5000000          13471397273.63008    
      315820312.5000000          13471397273.63008    
      316210937.5000000          13471397273.63008    
      316601562.5000000          13471397273.63008    
      316992187.5000000          13471397273.63008    
      317382812.5000000          13471397273.63008    
      317773437.5000000          13471397273.63008    
      318164062.5000000          13471397273.63008    
      318554687.5000000          13471397273.63008    
      318945312.5000000          13471397273.63008    
      319335937.5000000          13471397273.63008    
      319726562.5000000          13471397273.63008    
      320117187.5000000          13471397273.63008    
      320507812.5000000          13471397273.63008    
      320898437.5000000          13471397273.63008    
      321289062.5000000          13471397273.63008    
      321679687.5000000          13471397273.63008    
      322070312.5000000          13471397273.63008    
      322460937.5000000          13471397273.63008    
      322851562.5000000          13471397273.63008    
      323242187.5000000          13471397273.63008    
      323632812.5000000          13471397273.63008    
      324023437.5000000          13471397273.63008    
      324414062.5000000          13471397273.63008    
      324804687.5000000          13471397273.63008    
      325195312.5000000          13471397273.63008    
      325585937.5000000          13471397273.63008    
      325976562.5000000          13471397273.63008    
      326367187.5000000          13471397273.63008    
      326757812.5000000          13471397273.63008    
      327148437.5000000          13471397273.63008    
      327539062.5000000          13471397273.63008    
      327929687.5000000          13471397273.63008    
      328320312.5000000          13471397273.63008    
      328710937.5000000          13471397273.63008    
      329101562.5000000          13471397273.63008    
      329492187.5000000          13471397273.63008    
      329882812.5000000          13471397273.63008    
      330273437.5000000          13471397273.63008    
      330664062.5000000          13471397273.63008    
      331054687.5000000          13471397273.63008    
      331445312.5000000          13471397273.63008    
      331835937.5000000          13471397273.63008    
      332226562.5000000          13471397273.63008    
      332617187.5000000          13471397273.63008    
      333007812.5000000          13471397273.63008    
      333398437.5000000          13471397273.63008    
      333789062.5000000          13471397273.63008    
      334179687.5000000          13471397273.63008    
      334570312.5000000          13471397273.63008    
      334960937.5000000          13471397273.63008    
      335351562.5000000          13471397273.63008    
      335742187.5000000          13471397273.63008    
      336132812.5000000          13471397273.63008    
      336523437.5000000          13471397273.63008    
      336914062.5000000          13471397273.63008    
      337304687.5000000          13471397273.63008    
      337695312.5000000          13471397273.63008    
      338085937.5000000          13471397273.63008    
      338476562.5000000          13471397273.63008    
      338867187.5000000          13471397273.63008    
      339257812.5000000          13471397273.63008    
      339648437.5000000          13471397273.63008    
      340039062.5000000          13471397273.63008    
      340429687.5000000          13471397273.63008    
      340820312.5000000          13471397273.63008    
      341210937.5000000          13471397273.63008    
      341601562.5000000          13471397273.63008    
      341992187.5000000          13471397273.63008    
      342382812.5000000          13471397273.63008    
      342773437.5000000          13471397273.63008    
      343164062.5000000          13471397273.63008    
      343554687.5000000          13471397273.63008    
      343945312.5000000          13471397273.63008    
      344335937.5000000          13471397273.63008    
      344726562.5000000          13471397273.63008    
      345117187.5000000          13471397273.63008    
      345507812.5000000          13471397273.63008    
      345898437.5000000          13471397273.63008    
      346289062.5000000          13471397273.63008    
      346679687.5000000          13471397273.63008    
      347070312.5000000          13471397273.63008    
      347460937.5000000          13471397273.63008    
      347851562.5000000          13471397273.63008    
      348242187.5000000          13471397273.63008    
      348632812.5000000          13471397273.63008    
      349023437.5000000          13471397273.63008    
      349414062.5000000          13471397273.63008    
      349804687.5000000          13471397273.63008    
      350195312.5000000          13471397273.63008    
      350585937.5000000          13471397273.63008    
      350976562.5000000          13471397273.63008    
      351367187.5000000          13471397273.63008    
      351757812.5000000          13471397273.63008    
      352148437.5000000          13471397273.63008    
      352539062.5000000          13471397273.63008    
      352929687.5000000          13471397273.63008    
      353320312.5000000          13471397273.63008    
      353710937.5000000          13471397273.63008    
      354101562.5000000          13471397273.63008    
      354492187.5000000          13471397273.63008    
      354882812.5000000          13471397273.63008    
      355273437.5000000          13471397273.63008    
      355664062.5000000          13471397273.63008    
      356054687.5000000          13471397273.63008    
      356445312.5000000          13471397273.63008    
      356835937.5000000          13471397273.63008    
      357226562.5000000          13471397273.63008    
      357617187.5000000          13471397273.63008    
      358007812.5000000          13471397273.63008    
      358398437.5000000          13471397273.63008    
      358789062.5000000          13471397273.63008    
      359179687.5000000          13471397273.63008    
      359570312.5000000          13471397273.63008    
      359960937.5000000          13471397273.63008    
      360351562.5000000          13471397273.63008    
      360742187.5000000          13471397273.63008    
      361132812.5000000          13471397273.63008    
      361523437.5000000          13471397273.63008    
      361914062.5000000          13471397273.63008    
      362304687.5000000          13471397273.63008    
      362695312.5000000          13471397273.63008    
      363085937.5000000          13471397273.63008    
      363476562.5000000          13471397273.63008    
      363867187.5000000          13471397273.63008    
      364257812.5000000          13471397273.63008    
      364648437.5000000          13471397273.63008    
      365039062.5000000          13471397273.63008    
      365429687.5000000          13471397273.63008    
      365820312.5000000          13471397273.63008    
      366210937.5000000          13471397273.63008    
      366601562.5000000          13471397273.63008    
      366992187.5000000          13471397273.63008    
      367382812.5000000          13471397273.63008    
      367773437.5000000          13471397273.63008    
      368164062.5000000          13471397273.63008    
      368554687.5000000          13471397273.63008    
      368945312.5000000          13471397273.63008    
      369335937.5000000          13471397273.63008    
      369726562.5000000          13471397273.63008    
      370117187.5000000          13471397273.63008    
      370507812.5000000          13471397273.63008    
      370898437.5000000          13471397273.63008    
      371289062.5000000          13471397273.63008    
      371679687.5000000          13471397273.63008    
      372070312.5000000          13471397273.63008    
      372460937.5000000          13471397273.63008    
      372851562.5000000          13471397273.63008    
      373242187.5000000          13471397273.63008    
      373632812.5000000          13471397273.63008    
      374023437.5000000          13471397273.63008    
      374414062.5000000          13471397273.63008    
      374804687.5000000          13471397273.63008    
      375195312.5000000          13471397273.63008    
      375585937.5000000          13471397273.63008    
      375976562.5000000          13471397273.63008    
      376367187.5000000          13471397273.63008    
      376757812.5000000          13471397273.63008    
      377148437.5000000          13471397273.63008    
      377539062.5000000          13471397273.63008    
      377929687.5000000          13471397273.63008    
      378320312.5000000          13471397273.63008    
      378710937.5000000          13471397273.63008    
      379101562.5000000          13471397273.63008    
      379492187.5000000          13471397273.63008    
      379882812.5000000          13471397273.63008    
      380273437.5000000          13471397273.63008    
      380664062.5000000          13471397273.63008    
      381054687.5000000          13471397273.63008    
      381445312.5000000          13471397273.63008    
      381835937.5000000          13471397273.63008    
      382226562.5000000          13471397273.63008    
      382617187.5000000          13471397273.63008    
      383007812.5000000          13471397273.63008    
      383398437.5000000          13471397273.63008    
      383789062.5000000          13471397273.63008    
      384179687.5000000          13471397273.63008    
      384570312.5000000          13471397273.63008    
      384960937.5000000          13471397273.63008    
      385351562.5000000          13471397273.63008    
      385742187.5000000          13471397273.63008    
      386132812.5000000          13471397273.63008    
      386523437.5000000          13471397273.63008    
      386914062.5000000          13471397273.63008    
      387304687.5000000          13471397273.63008    
      387695312.5000000          13471397273.63008    
      388085937.5000000          13471397273.63008    
      388476562.5000000          13471397273.63008    
      388867187.5000000          13471397273.63008    
      389257812.5000000          13471397273.63008    
      389648437.5000000          13471397273.63008    
      390039062.5000000          13471397273.63008    
      390429687.5000000          13471397273.63008    
      390820312.5000000          13471397273.63008    
      391210937.5000000          13471397273.63008    
      391601562.5000000          13471397273.63008    
      391992187.5000000          13471397273.63008    
      392382812.5000000          13471397273.63008    
      392773437.5000000          13471397273.63008    
      393164062.5000000          13471397273.63008    
      393554687.5000000          13471397273.63008    
      393945312.5000000          13471397273.63008    
      394335937.5000000          13471397273.63008    
      394726562.5000000          13471397273.63008    
      395117187.5000000          13471397273.63008    
      395507812.5000000          13471397273.63008    
      395898437.5000000          13471397273.63008    
      396289062.5000000          13471397273.63008    
      396679687.5000000          13471397273.63008    
      397070312.5000000          13471397273.63008    
      397460937.5000000          13471397273.63008    
      397851562.5000000          13471397273.63008    
      398242187.5000000          13471397273.63008    
      398632812.5000000          13471397273.63008    
      399023437.5000000          13471397273.63008    
      399414062.5000000          13471397273.63008    
      399804687.5000000          13471397273.63008    
      400195312.5000000          13471397273.63008    
      400585937.5000000          13471397273.63008    
      400976562.5000000          13471397273.63008    
      401367187.5000000          13471397273.63008    
      401757812.5000000          13471397273.63008    
      402148437.5000000          13471397273.63008    
      402539062.5000000          13471397273.63008    
      402929687.5000000          13471397273.63008    
      403320312.5000000          13471397273.63008    
      403710937.5000000          13471397273.63008    
      404101562.5000000          13471397273.63008    
      404492187.5000000          13471397273.63008    
      404882812.5000000          13471397273.63008    
      405273437.5000000          13471397273.63008    
      405664062.5000000          13471397273.63008    
      406054687.5000000          13471397273.63008    
      406445312.5000000          13471397273.63008    
      406835937.5000000          13471397273.63008    
      407226562.5000000          13471397273.63008    
      407617187.5000000          13471397273.63008    
      408007812.5000000          13471397273.63008    
      408398437.5000000          13471397273.63008    
      408789062.5000000          13471397273.63008    
      409179687.5000000          13471397273.63008    
      409570312.5000000          13471397273.63008    
      409960937.5000000          13471397273.63008    
      410351562.5000000          13471397273.63008    
      410742187.5000000          13471397273.63008    
      411132812.5000000          13471397273.63008    
      411523437.5000000          13471397273.63008    
      411914062.5000000          13471397273.63008    
      412304687.5000000          13471397273.63008    
      412695312.5000000          13471397273.63008    
      413085937.5000000          13471397273.63008    
      413476562.5000000          13471397273.63008    
      413867187.5000000          13471397273.63008    
      414257812.5000000          13471397273.63008    
      414648437.5000000          13471397273.63008    
      415039062.5000000          13471397273.63008    
      415429687.5000000          13471397273.63008    
      415820312.5000000          13471397273.63008    
      416210937.5000000          13471397273.63008    
      416601562.5000000          13471397273.63008    
      416992187.5000000          13471397273.63008    
      417382812.5000000          13471397273.63008    
      417773437.5000000          13471397273.63008    
      418164062.5000000          13471397273.63008    
      418554687.5000000          13471397273.63008    
      418945312.5000000          13471397273.63008    
      419335937.5000000          13471397273.63008    
      419726562.5000000          13471397273.63008    
      420117187.5000000          13471397273.63008    
      420507812.5000000          13471397273.63008    
      420898437.5000000          13471397273.63008    
      421289062.5000000          13471397273.63008    
      421679687.5000000          13471397273.63008    
      422070312.5000000          13471397273.63008    
      422460937.5000000          13471397273.63008    
      422851562.5000000          13471397273.63008    
      423242187.5000000          13471397273.63008    
      423632812.5000000          13471397273.63008    
      424023437.5000000          13471397273.63008    
      424414062.5000000          13471397273.63008    
      424804687.5000000          13471397273.63008    
      425195312.5000000          13471397273.63008    
      425585937.5000000          13471397273.63008    
      425976562.5000000          13471397273.63008    
      426367187.5000000          13471397273.63008    
      426757812.5000000          13471397273.63008    
      427148437.5000000          13471397273.63008    
      427539062.5000000          13471397273.63008    
      427929687.5000000          13471397273.63008    
      428320312.5000000          13471397273.63008    
      428710937.5000000          13471397273.63008    
      429101562.5000000          13471397273.63008    
      429492187.5000000          13471397273.63008    
      429882812.5000000          13471397273.63008    
      430273437.5000000          13471397273.63008    
      430664062.5000000          13471397273.63008    
      431054687.5000000          13471397273.63008    
      431445312.5000000          13471397273.63008    
      431835937.5000000          13471397273.63008    
      432226562.5000000          13471397273.63008    
      432617187.5000000          13471397273.63008    
      433007812.5000000          13471397273.63008    
      433398437.5000000          13471397273.63008    
      433789062.5000000          13471397273.63008    
      434179687.5000000          13471397273.63008    
      434570312.5000000          13471397273.63008    
      434960937.5000000          13471397273.63008    
      435351562.5000000          13471397273.63008    
      435742187.5000000          13471397273.63008    
      436132812.5000000          13471397273.63008    
      436523437.5000000          13471397273.63008    
      436914062.5000000          13471397273.63008    
      437304687.5000000          13471397273.63008    
      437695312.5000000          13471397273.63008    
      438085937.5000000          13471397273.63008    
      438476562.5000000          13471397273.63008    
      438867187.5000000          13471397273.63008    
      439257812.5000000          13471397273.63008    
      439648437.5000000          13471397273.63008    
      440039062.5000000          13471397273.63008    
      440429687.5000000          13471397273.63008    
      440820312.5000000          13471397273.63008    
      441210937.5000000          13471397273.63008    
      441601562.5000000          13471397273.63008    
      441992187.5000000          13471397273.63008    
      442382812.5000000          13471397273.63008    
      442773437.5000000          13471397273.63008    
      443164062.5000000          13471397273.63008    
      443554687.5000000          13471397273.63008    
      443945312.5000000          13471397273.63008    
      444335937.5000000          13471397273.63008    
      444726562.5000000          13471397273.63008    
      445117187.5000000          13471397273.63008    
      445507812.5000000          13471397273.63008    
      445898437.5000000          13471397273.63008    
      446289062.5000000          13471397273.63008    
      446679687.5000000          13471397273.63008    
      447070312.5000000          13471397273.63008    
      447460937.5000000          13471397273.63008    
      447851562.5000000          13471397273.63008    
      448242187.5000000          13471397273.63008    
      448632812.5000000          13471397273.63008    
      449023437.5000000          13471397273.63008    
      449414062.5000000          13471397273.63008    
      449804687.5000000          13471397273.63008    
      450195312.5000000          13471397273.63008    
      450585937.5000000          13471397273.63008    
      450976562.5000000          13471397273.63008    
      451367187.5000000          13471397273.63008    
      451757812.5000000          13471397273.63008    
      452148437.5000000          13471397273.63008    
      452539062.5000000          13471397273.63008    
      452929687.5000000          13471397273.63008    
      453320312.5000000          13471397273.63008    
      453710937.5000000          13471397273.63008    
      454101562.5000000          13471397273.63008    
      454492187.5000000          13471397273.63008    
      454882812.5000000          13471397273.63008    
      455273437.5000000          13471397273.63008    
      455664062.5000000          13471397273.63008    
      456054687.5000000          13471397273.63008    
      456445312.5000000          13471397273.63008    
      456835937.5000000          13471397273.63008    
      457226562.5000000          13471397273.63008    
      457617187.5000000          13471397273.63008    
      458007812.5000000          13471397273.63008    
      458398437.5000000          13471397273.63008    
      458789062.5000000          13471397273.63008    
      459179687.5000000          13471397273.63008    
      459570312.5000000          13471397273.63008    
      459960937.5000000          13471397273.63008    
      460351562.5000000          13471397273.63008    
      460742187.5000000          13471397273.63008    
      461132812.5000000          13471397273.63008    
      461523437.5000000          13471397273.63008    
      461914062.5000000          13471397273.63008    
      462304687.5000000          13471397273.63008    
      462695312.5000000          13471397273.63008    
      463085937.5000000          13471397273.63008    
      463476562.5000000          13471397273.63008    
      463867187.5000000          13471397273.63008    
      464257812.5000000          13471397273.63008    
      464648437.5000000          13471397273.63008    
      465039062.5000000          13471397273.63008    
      465429687.5000000          13471397273.63008    
      465820312.5000000          13471397273.63008    
      466210937.5000000          13471397273.63008    
      466601562.5000000          13471397273.63008    
      466992187.5000000          13471397273.63008    
      467382812.5000000          13471397273.63008    
      467773437.5000000          13471397273.63008    
      468164062.5000000          13471397273.63008    
      468554687.5000000          13471397273.63008    
      468945312.5000000          13471397273.63008    
      469335937.5000000          13471397273.63008    
      469726562.5000000          13471397273.63008    
      470117187.5000000          13471397273.63008    
      470507812.5000000          13471397273.63008    
      470898437.5000000          13471397273.63008    
      471289062.5000000          13471397273.63008    
      471679687.5000000          13471397273.63008    
      472070312.5000000          13471397273.63008    
      472460937.5000000          13471397273.63008    
      472851562.5000000          13471397273.63008    
      473242187.5000000          13471397273.63008    
      473632812.5000000          13471397273.63008    
      474023437.5000000          13471397273.63008    
      474414062.5000000          13471397273.63008    
      474804687.5000000          13471397273.63008    
      475195312.5000000          13471397273.63008    
      475585937.5000000          13471397273.63008    
      475976562.5000000          13471397273.63008    
      476367187.5000000          13471397273.63008    
      476757812.5000000          13471397273.63008    
      477148437.5000000          13471397273.63008    
      477539062.5000000          13471397273.63008    
      477929687.5000000          13471397273.63008    
      478320312.5000000          13471397273.63008    
      478710937.5000000          13471397273.63008    
      479101562.5000000          13471397273.63008    
      479492187.5000000          13471397273.63008    
      479882812.5000000          13471397273.63008    
      480273437.5000000          13471397273.63008    
      480664062.5000000          13471397273.63008    
      481054687.5000000          13471397273.63008    
      481445312.5000000          13471397273.63008    
      481835937.5000000          13471397273.63008    
      482226562.5000000          13471397273.63008    
      482617187.5000000          13471397273.63008    
      483007812.5000000          13471397273.63008    
      483398437.5000000          13471397273.63008    
      483789062.5000000          13471397273.63008    
      484179687.5000000          13471397273.63008    
      484570312.5000000          13471397273.63008    
      484960937.5000000          13471397273.63008    
      485351562.5000000          13471397273.63008    
      485742187.5000000          13471397273.63008    
      486132812.5000000          13471397273.63008    
      486523437.5000000          13471397273.63008    
      486914062.5000000          13471397273.63008    
      487304687.5000000          13471397273.63008    
      487695312.5000000          13471397273.63008    
      488085937.5000000          13471397273.63008    
      488476562.5000000          13471397273.63008    
      488867187.5000000          13471397273.63008    
      489257812.5000000          13471397273.63008    
      489648437.5000000          13471397273.63008    
      490039062.5000000          13471397273.63008    
      490429687.5000000          13471397273.63008    
      490820312.5000000          13471397273.63008    
      491210937.5000000          13471397273.63008    
      491601562.5000000          13471397273.63008    
      491992187.5000000          13471397273.63008    
      492382812.5000000          13471397273.63008    
      492773437.5000000          13471397273.63008    
      493164062.5000000          13471397273.63008    
      493554687.5000000          13471397273.63008    
      493945312.5000000          13471397273.63008    
      494335937.5000000          13471397273.63008    
      494726562.5000000          13471397273.63008    
      495117187.5000000          13471397273.63008    
      495507812.5000000          13471397273.63008    
      495898437.5000000          13471397273.63008    
      496289062.5000000          13471397273.63008    
      496679687.5000000          13471397273.63008    
      497070312.5000000          13471397273.63008    
      497460937.5000000          13471397273.63008    
      497851562.5000000          13471397273.63008    
      498242187.5000000          13471397273.63008    
      498632812.5000000          13471397273.63008    
      499023437.5000000          13471397273.63008    
      499414062.5000000          13471397273.63008    
      499804687.5000000          13471397273.63008    
